32
33
34
35
36
37
38
39
256
257
448
449
450
451
452
453
454
455
560
561
572
573
592
593
816
817
818
819
820
821
822
823
824
825
826
827
829
830
836
839
892
893
894
895
896
897
898
899
956
957
960
961
962
963
964
965
966
967
968
969
970
971
972
973
974
975
976
977
978
979
980
981
982
983
984
985
986
987
988
989
990
991
992
993
994
995
996
997
998
999
1000
1001
1002
1003
1004
1005
1006
1007
1008
1009
1010
1011
1012
1013
1014
1015
1016
1017
1018
1019
1020
1021
1022
1023
1024
1025
1026
1027
1030
1035
1037
1054
1055
1056
1058
1059
1060
1066
1067
1068
1074
1082
1084
1089
1096
1097
1098
1099
1100
1101
1102
1103
1168
1169
1170
1171
1172
1173
1174
1175
1176
1177
1178
1179
1208
1209
1210
1211
1212
1213
1214
1215
1216
1217
1218
1219
1223
1225
1244
1245
1246
1247
1248
1249
1250
1251
1252
1253
1254
1255
1257
1267
