572
573
574
575
576
577
578
579
580
581
582
583
584
585
586
587
588
589
590
591
592
593
594
595
596
597
598
599
600
601
602
603
604
605
606
607
608
609
610
611
612
613
614
615
616
617
618
619
620
621
622
623
624
626
627
629
633
634
637
638
644
652
653
654
655
658
661
670
671
672
808
809
810
811
812
813
814
815
816
817
818
819
820
821
822
823
824
825
826
827
828
829
830
831
832
833
834
835
836
837
838
839
840
841
842
843
844
845
846
847
848
849
850
851
852
853
854
855
856
857
858
859
860
865
867
868
869
881
886
900
907
909
911
956
957
958
959
960
961
962
963
964
965
967
968
1048
1049
1050
1052
1054
1055
1056
1057
1058
1060
1061
1062
1063
1064
1065
1066
1068
1069
