88
89
90
91
92
93
94
95
96
97
98
99
100
101
102
103
104
105
115
119
120
126
127
128
130
132
135
137
140
142
144
146
148
150
152
154
156
158
160
162
164
166
168
169
170
172
174
176
178
180
182
183
184
185
186
188
189
190
192
194
195
196
198
200
201
202
204
206
208
210
211
212
214
215
216
218
220
222
224
226
227
228
230
232
233
234
236
237
238
240
242
244
246
248
250
252
254
256
258
259
260
262
264
266
268
269
270
272
274
275
276
278
280
282
284
285
286
288
290
292
294
296
297
298
300
302
304
306
307
308
309
310
311
312
314
316
318
664
665
1072
1073
1074
1075
1076
1077
1078
1079
1080
1081
1082
1083
1084
1085
1086
1087
1088
1089
1090
1091
1092
1093
1094
1095
1096
1097
1098
1099
1100
1101
1102
1103
1104
1105
1106
1107
1113
1129
1137
1148
1149
1150
1151
1152
1153
1154
1155
1156
1157
1158
1159
1160
1161
1162
1163
1164
1165
1166
1167
1168
1169
1170
1171
1172
1173
1174
1175
1176
1178
1179
1184
1188
1192
1195
1196
1664
1665
1666
1667
1668
1669
1670
1671
1672
1673
1674
1675
1681
1683
2012
2014
