90
96
97
106
108
110
112
116
126
128
130
144
146
148
160
162
164
172
178
188
194
204
210
220
226
236
242
252
258
268
274
284
664
665
666
667
1072
1073
1074
1075
1076
1077
1078
1079
1080
1081
1082
1084
1085
1086
1087
1088
1089
1090
1093
1095
1097
1098
1100
1101
1103
1108
1109
1110
1111
1112
1113
1114
1115
1116
1117
1118
1120
1121
1123
1125
1129
1134
1137
1139
1148
1149
1152
1153
1158
1159
1165
1172
1176
1177
1178
1179
1180
1181
1182
1183
1184
1186
1187
1189
1190
1193
1200
1201
1667
1670
1674
1679
1682
1686
2012
2013
2014
2015
3325
3329
3347
3351
3355
