240
241
242
243
244
245
246
247
248
249
251
252
260
261
262
263
264
265
266
267
268
269
270
271
272
273
274
275
276
277
278
279
280
281
282
283
284
285
286
287
288
289
290
291
292
293
294
295
296
297
298
299
300
301
302
303
304
305
306
307
308
309
310
311
312
314
315
318
319
320
326
327
338
340
343
345
346
348
351
352
354
356
357
359
360
361
460
461
462
464
466
468
470
472
474
476
479
481
483
632
633
634
635
636
637
638
639
640
641
642
643
644
645
646
647
648
649
650
651
652
653
654
655
656
657
658
659
660
661
662
663
664
665
666
667
668
669
670
671
672
673
674
675
676
677
678
679
680
681
682
683
686
698
699
704
706
708
709
712
713
715
717
718
720
721
726
732
735
