148
149
150
151
152
153
154
155
156
157
158
159
160
161
162
163
164
165
166
167
168
169
170
171
172
173
174
175
176
177
178
179
180
181
182
183
184
185
186
187
188
189
190
191
192
193
194
195
196
197
198
199
200
201
202
203
204
205
206
207
208
209
210
211
212
213
214
215
216
217
218
219
220
221
222
223
224
225
226
227
228
229
230
231
232
233
234
235
236
237
238
239
240
241
242
243
244
245
246
247
248
249
250
251
252
253
254
255
256
257
258
259
260
261
262
263
264
265
266
267
268
269
270
271
272
273
274
275
276
277
278
279
280
281
282
283
284
285
286
287
288
289
290
291
292
293
294
295
296
297
298
299
300
301
302
303
304
305
306
307
308
309
310
311
312
313
314
315
316
317
318
319
320
321
322
323
324
325
326
327
328
329
330
331
332
333
334
335
336
337
338
339
340
341
342
343
344
345
346
347
348
349
350
351
352
353
354
355
356
357
358
359
360
361
362
363
364
365
366
367
368
369
370
371
372
373
374
375
376
377
378
379
380
381
382
383
384
385
386
387
388
389
390
391
392
393
394
395
396
397
398
399
400
401
402
403
404
405
406
407
408
409
410
411
412
413
414
415
416
417
418
419
420
421
422
423
424
425
426
427
428
429
430
431
432
433
434
435
436
437
438
439
440
441
442
443
444
445
446
447
448
449
450
451
452
453
454
455
456
457
458
459
460
461
462
463
464
465
466
467
468
469
470
471
472
473
474
475
476
477
478
479
480
481
482
483
484
485
486
487
488
489
490
491
492
493
494
495
496
497
498
499
500
501
502
503
504
505
506
507
508
509
510
511
512
513
514
515
516
517
518
519
520
521
522
523
524
525
526
527
528
529
530
531
532
533
534
535
536
537
538
539
540
541
542
543
544
545
546
547
548
549
550
551
552
553
554
555
556
557
558
559
560
561
562
563
564
565
566
567
568
569
570
571
572
573
574
575
576
577
578
579
580
581
582
583
584
585
586
587
588
589
590
591
592
593
594
595
596
597
598
599
600
601
602
603
604
605
606
607
608
609
610
611
612
613
614
615
616
617
618
619
620
621
622
623
624
625
626
627
628
629
630
631
632
633
634
635
636
637
638
639
640
641
642
643
644
645
646
647
648
649
650
651
652
653
654
655
656
657
658
659
660
661
662
663
664
665
666
667
668
669
670
671
672
673
674
675
676
677
678
679
680
681
682
683
684
685
686
687
688
689
690
691
692
693
694
695
696
697
698
699
700
701
702
703
704
705
706
707
708
709
710
711
712
713
714
715
716
717
718
719
720
721
722
723
724
725
726
727
728
729
730
731
732
733
734
735
736
737
738
739
740
741
742
743
744
745
746
747
748
749
750
751
752
753
754
755
756
757
758
759
760
761
762
763
764
765
766
767
768
769
770
771
772
773
774
775
776
777
778
779
780
781
782
783
784
785
786
787
788
789
790
791
792
793
794
795
796
797
798
799
800
801
802
803
804
805
806
807
808
809
810
811
812
813
814
815
816
817
818
819
820
821
822
823
824
825
826
827
828
829
830
831
832
833
834
835
836
837
838
839
840
841
842
843
844
845
846
847
848
849
850
851
852
853
854
855
856
857
858
859
860
861
862
863
864
865
866
867
868
869
870
871
872
873
874
875
876
877
878
879
880
881
882
883
884
885
886
887
888
889
890
891
892
893
894
895
896
897
898
899
900
901
902
903
904
905
906
907
908
909
910
911
912
913
914
915
916
917
918
919
920
921
922
923
924
925
926
927
928
929
930
931
932
933
934
935
936
937
938
939
940
941
942
943
944
945
946
947
948
949
950
951
952
953
954
955
956
957
958
959
960
961
962
963
964
965
966
967
968
969
970
971
972
973
974
975
976
977
978
979
980
981
982
983
984
985
986
987
988
989
990
991
992
993
994
995
996
997
998
999
1000
1001
1002
1003
1004
1005
1006
1007
1008
1009
1010
1011
1012
1013
1014
1015
1016
1017
1018
1019
1020
1021
1022
1023
1024
1025
1026
1027
1028
1029
1030
1031
1032
1033
1034
1035
1036
1037
1038
1039
1040
1041
1042
1043
1044
1045
1046
1047
1048
1049
1050
1051
1052
1053
1054
1055
1056
1057
1058
1059
1060
1061
1062
1063
1065
1074
1083
1091
1097
1102
1108
1114
1122
1123
1125
1127
1129
1131
1134
1136
1138
1144
1145
1146
1147
1150
1151
1153
1154
1158
1161
1171
1172
1177
1180
1184
1193
1199
1202
1212
1213
1214
1217
1218
1219
1220
1223
1224
1232
1238
1240
1245
1246
1249
1253
1255
1264
1270
1277
1279
1280
1291
1292
1300
1307
1308
1311
1312
1314
1317
1319
1328
1332
1342
1347
1351
1362
1363
1380
1384
1387
1388
1389
1390
1391
1395
1398
1400
1402
1403
1405
1409
1412
1420
1425
1429
1433
1435
1439
1441
1442
1443
1447
1449
1451
1454
1455
1458
1468
1472
1474
1476
1481
1482
1492
1494
1501
1506
1507
1508
1519
1522
1524
1526
1530
1532
1533
1536
1537
1539
1547
1552
1555
1559
1562
1565
1567
1571
1573
1579
1581
1582
1584
1590
1594
1596
1597
1598
1600
1603
1606
1609
1611
1615
1617
1618
1621
1624
1627
1628
1629
1630
1632
1633
1634
1639
1643
1646
1647
1650
1651
1652
1654
1656
1657
1662
1665
1666
1672
1675
1680
1682
1683
1684
1685
1687
1689
1690
1694
1699
1701
1704
1706
1708
1710
1711
1714
1716
1717
1719
1722
1723
1724
1725
1727
1730
1731
1733
1735
1738
1739
1740
1741
1742
1743
1747
1751
1752
1753
1755
1756
1759
1762
1768
1769
1770
1771
1772
1773
1774
1775
1779
1784
1785
1787
1790
1792
1794
1796
1801
1802
1815
1816
1817
1818
1824
1826
1829
1833
1836
1838
1841
1842
1843
1848
1854
1855
1863
1866
1867
1868
1870
1871
1872
1877
1879
1881
1884
1886
1895
1901
1902
1904
1906
1907
1908
1912
1914
1916
1921
1924
1927
1929
1930
1932
1939
1946
1947
1948
1952
1955
1958
1960
1961
1962
1963
1965
1966
1967
1971
1972
1974
1975
1977
2700
2701
2702
2703
2704
2705
2706
2707
2708
2709
2710
2711
2712
2713
2714
2715
2716
2717
2718
2719
2720
2721
2722
2723
2724
2725
2726
2727
2728
2729
2730
2731
2732
2733
2734
2735
2736
2737
2738
2739
2740
2741
2742
2743
2744
2745
2746
2747
2748
2749
2750
2751
2752
2753
2754
2755
2756
2757
2758
2759
2760
2761
2762
2763
2764
2765
2766
2767
2768
2769
2770
2771
2772
2773
2774
2775
2776
2777
2778
2779
2781
2783
2789
2790
2795
2803
2805
2806
2810
2812
2813
2822
2831
2832
2833
2839
2843
2847
2854
2858
3212
3213
3215
3216
3218
3219
3220
3221
3222
3224
3226
3227
3228
3230
3232
3234
3235
3236
3237
3238
3240
3241
3242
3244
3246
3247
3248
3249
3250
3251
3252
3253
3254
3255
3256
3258
3259
3260
3261
3262
3263
3264
3266
3267
3268
3270
3272
3273
3274
3276
3278
3280
3282
3284
3285
3286
3288
3290
3292
3293
3294
3295
3296
3297
3298
3299
3300
3302
3304
3306
3307
3308
3310
3311
3312
3314
3315
3316
3317
3318
3319
3320
3321
3322
3324
3326
3328
3329
3330
3332
3334
3336
3337
3338
3340
3342
3343
3344
3346
3348
3350
3352
3354
3355
3356
3358
3360
3362
3364
3366
3368
3370
3372
3374
3376
3378
3380
3382
3384
3386
3388
3389
3390
3392
3394
3396
3398
3400
3402
3404
3406
3408
3410
3932
3933
3934
3935
3936
3937
3938
3939
3940
3941
3942
3943
3944
3945
3946
3947
3948
3949
3950
3951
3952
3953
3954
3955
3956
3957
3958
3959
3960
3961
3962
3963
3964
3965
3966
3967
3968
3969
3970
3971
3972
3973
3974
3975
3976
3977
3979
3982
3987
3988
3994
3995
3999
4002
4007
4009
4010
4011
4015
4017
4674
4675
4676
4677
4678
4679
4680
4681
4682
4683
4684
4685
4686
4687
4692
4693
4694
4696
5626
5627
5629
5630
5632
5633
5634
5635
5636
5638
5640
5642
5644
5646
5647
5648
5649
5650
5651
5652
5654
5655
5656
5658
5660
5662
5663
5664
5666
5668
5669
5670
5672
5673
5674
5676
5678
5680
5682
5684
5686
5688
5690
5692
5693
5694
5695
5696
5697
5698
5700
5702
5703
5704
5706
5707
5708
5709
5710
5712
5714
5715
5716
5718
5720
5722
5724
5725
5726
5728
5730
5731
5732
5734
5736
5737
5738
5740
5741
5742
5744
5746
5748
5750
5752
5754
5755
5756
5757
5758
5760
5762
5763
5764
5765
5766
5767
5768
5769
5770
5772
5774
5776
5777
5778
5779
5780
5782
5784
5786
5787
5788
5790
5791
5792
5794
5795
5796
5798
5799
5800
5802
5804
5805
5806
5807
5808
5810
5811
5812
5814
5816
5818
5820
5822
5823
5824
5825
5826
5828
5830
5832
5834
5836
5837
5838
5839
5840
5842
5843
5844
5846
5848
5850
5852
5853
5854
5856
5858
5860
5861
5862
5864
5865
5866
5868
5870
5871
5872
5873
5874
5876
5878
5880
5882
5884
5886
5888
5890
5891
5892
5894
5896
5898
5900
5902
5903
5904
5906
5908
5910
5911
5912
5914
5915
5916
5918
5920
5921
5922
5924
5925
5926
5928
5930
5932
5934
5936
5938
5940
5941
5942
5944
5946
5948
5950
5952
5953
5954
5955
5956
5958
5960
5961
5962
5964
5966
5968
5970
5972
5974
5976
5978
5980
5981
5982
5984
5985
5986
5988
5989
5990
5992
5993
5994
5996
5998
5999
6000
6001
6002
6003
6004
6006
6008
6010
6012
6013
6014
6016
6018
6019
6020
6022
6024
6025
6026
6028
6030
6031
6032
6034
6035
6036
6037
6038
6039
6040
6042
6044
6046
6048
6050
6051
6052
6053
6054
6055
6056
6058
6060
6062
6063
6064
6066
6067
6068
6070
7776
7777
7778
7779
7780
7781
7782
7783
7784
7785
7786
7787
7788
7789
7790
7791
7792
7793
7794
7795
7796
7797
7798
7799
7800
7801
7802
7803
7804
7805
7806
7807
7808
7809
7810
7811
7812
7813
7814
7815
7816
7817
7818
7819
7822
7823
7828
7832
7835
7838
7843
7844
7846
7847
7849
7855
7856
7857
7858
7860
7861
7956
7957
7958
7960
7962
7963
7964
7965
7966
7968
7970
7972
7974
7975
7976
7978
7979
7980
7981
7982
7983
7984
7986
7988
7990
7991
7992
7994
7995
7996
7997
7998
7999
8000
8002
8003
8004
8005
8006
8008
8009
8010
8012
8013
8014
8015
8016
8018
8019
8020
8022
8024
8026
8028
8029
8030
8032
8033
8034
8036
8038
8039
8040
8042
8043
8044
8045
8046
8047
8048
8049
8050
8052
8053
8054
8055
8056
8058
8060
8061
8062
8064
8066
8068
8069
8070
8071
8072
8074
8075
8076
8077
8078
8080
8081
8082
8084
8085
8086
8088
8090
8091
8092
8093
8094
8096
8097
8098
8100
8101
8102
8104
8106
8108
8109
8110
8111
8112
8114
8116
8118
8120
8121
8122
8124
8126
8127
8128
8129
8130
8132
8134
8136
8138
8140
8141
8142
8143
8144
8145
8146
8147
8148
8150
8152
8153
8154
8156
8157
8158
8159
8160
8162
8164
8165
8166
8168
8169
8170
8171
8172
8174
8176
8177
8178
8180
8181
8182
8183
8184
8185
8186
8188
8190
8191
8192
8194
8195
8196
8198
8199
8200
8201
8202
8204
8205
8206
8208
8210
8212
8214
8215
8216
8217
8218
8220
8222
8223
8224
8226
8227
8228
8230
8232
8234
8236
8237
8238
8240
8242
8244
8246
8247
8248
8250
8251
8252
8254
8256
8257
8258
8260
8262
8264
8266
8267
8268
8269
8270
8271
8272
8273
8274
8276
8277
8278
8280
8282
8283
8284
8286
8288
8289
8290
8291
8292
8293
8294
8295
8296
8297
8298
8299
8300
8301
8302
8304
8305
8306
8307
8308
8310
8312
8314
8316
8317
8318
8320
8322
8323
8324
8325
8326
8327
8328
8329
8330
8331
8332
8333
8334
8336
8338
8339
8340
8341
8342
8344
8346
8347
8348
8349
8350
8352
8354
8355
8356
8357
8358
8360
8361
8362
8364
8365
8366
8368
8370
8371
8372
8374
8375
8376
8378
8380
8381
8382
8383
8384
8385
8386
8387
8388
8389
8390
8391
8392
8393
8394
8396
8397
8398
8399
8400
8402
8403
8404
8406
8408
8409
8410
8411
8412
8413
8414
8415
8416
8417
8418
8419
8420
8421
8422
8423
8424
8425
8426
8427
8428
8429
8430
8431
8432
8433
8434
8436
8438
8440
8441
8442
8444
8445
8446
8447
8448
8449
8450
8452
8454
8456
8457
8458
8459
8460
8461
8462
8464
8466
8468
8470
8471
8472
8474
8476
8477
8478
8480
8482
8483
8484
8486
8488
8489
8490
8492
8494
8496
8498
8500
8501
8502
8503
8504
8506
8508
8510
8511
8512
8513
8514
8515
8516
8517
8518
8520
8522
8524
8525
8526
8527
8528
8529
8530
8532
8534
8535
8536
8538
8540
8541
8542
8543
8544
8546
8547
8548
8550
8551
8552
8553
8554
8555
8556
8558
8559
8560
8562
8564
8565
8566
8568
8570
8572
8574
8576
8577
8578
8580
8581
8582
8584
8586
8588
8589
8590
8591
8592
8594
8595
8596
8597
8598
8600
8601
8602
8604
8605
8606
8607
8608
8610
8612
8614
8615
8616
8617
8618
8619
8620
8621
8622
8624
8626
8628
8629
8630
8631
8632
8634
8635
8636
8638
8639
8640
8641
8642
8643
8644
8645
8646
8648
8649
8650
8652
8654
8656
8658
8659
8660
8662
8663
8664
8665
8666
8667
8668
8670
8671
8672
8674
8676
8678
8679
8680
8682
8684
8685
8686
8687
8688
8690
8691
8692
8694
8696
8698
8700
8702
8704
8705
8706
8708
8709
8710
8712
8713
8714
8715
8716
8718
8720
8722
8723
8724
8726
8727
8728
8729
8730
8731
8732
8734
8736
8737
8738
8739
8740
8741
8742
8744
8746
8748
8749
8750
8752
8753
8754
8756
8758
8760
8762
8764
8766
8768
8770
8772
8774
8776
8777
8778
8779
8780
8782
8783
8784
8786
8787
8788
8789
8790
8792
8793
8794
8795
8796
8797
8798
8799
8800
8802
8804
8805
8806
8808
8810
8812
8814
8815
8816
8818
8820
8821
8822
8824
8825
8826
8828
8830
8832
8834
8836
8837
8838
8840
8841
8842
8844
8846
8848
8850
8852
8853
8854
8855
8856
8857
8858
8860
8862
8864
8865
8866
8868
8869
8870
8872
8874
8875
8876
8878
8879
8880
8882
8883
8884
8885
8886
8887
8888
8889
8890
8892
8893
8894
8896
8897
8898
8900
8901
8902
8903
8904
8905
8906
8907
8908
8909
8910
8911
8912
8914
8916
8917
8918
8919
8920
8922
8924
8925
8926
8927
8928
8930
8931
8932
8934
8936
8937
8938
8940
8942
8943
8944
8946
8947
8948
8949
8950
8952
8953
8954
8956
8958
8960
8961
8962
8964
8966
8968
8969
8970
8972
8974
8975
8976
8978
8980
8981
8982
8984
8985
8986
8987
8988
8989
8990
8992
8993
8994
8996
8998
9000
9002
9003
9004
9006
9007
9008
9010
9011
9012
9013
9014
9015
9016
9017
9018
9020
9022
9023
9024
9026
9027
9028
9029
9030
9032
9034
9036
9037
9038
9040
9042
9043
9044
9046
9048
9050
9051
9052
9053
9054
9055
9056
9057
9058
9059
9060
9061
9062
9063
9064
9066
9068
9070
9071
9072
9074
9076
9078
9080
9081
9082
9084
9085
9086
9087
9088
9089
9090
9092
9093
9094
9096
9098
9099
9100
9102
9103
9104
9106
9107
9108
9109
9110
9112
9114
9116
9118
9120
9122
9124
9126
9128
9130
9132
9134
9135
9136
9137
9138
9140
9142
9144
9146
9148
9150
9151
9152
9154
9155
9156
9158
9159
9160
9161
9162
9164
9166
9168
9169
9170
9172
9173
9174
9175
9176
9177
9178
9179
9180
9182
9183
9184
9186
9188
9189
9190
9191
9192
9193
9194
9195
9196
9198
9200
9202
9204
9205
9206
9207
9208
9209
9210
9211
9212
9214
9216
9217
9218
9220
9221
9222
9224
9225
9226
9227
9228
9230
9231
9232
9234
9235
9236
9237
9238
9239
9240
9241
9242
9244
9245
9246
9248
9249
9250
9252
9253
9254
9255
9256
9258
9259
9260
9262
9264
9265
9266
9267
9268
9269
9270
9271
9272
9273
9274
9276
9278
9280
9281
9282
9283
9284
9286
9288
9289
9290
9292
9294
9296
9298
9300
9302
9303
9304
9305
9306
9307
9308
9309
9310
9311
9312
9313
9314
9315
9316
9318
9319
9320
9322
9323
9324
9325
9326
9327
9328
9329
9330
9332
9334
9335
9336
9338
9339
9340
9341
9342
9343
9344
9346
9348
9349
9350
9352
9353
9354
9355
9356
9357
9358
9359
9360
9361
9362
9363
9364
9365
9366
9368
9370
9371
9372
9374
9376
9377
9378
9380
9382
9384
9386
11048
11049
11050
11051
11052
11053
11054
11055
11056
11057
11058
11059
11060
11061
11062
11063
11064
11065
11066
11067
11068
11069
11070
11071
11072
11073
11074
11075
11076
11077
11078
11079
11080
11081
11082
11083
11084
11085
11086
11087
11088
11089
11090
11091
11092
11093
11094
11095
11096
11097
11098
11099
11100
11101
11102
11103
11104
11105
11106
11107
11108
11109
11110
11111
11112
11113
11114
11115
11116
11117
11118
11119
11120
11121
11122
11123
11124
11125
11126
11127
11128
11129
11130
11131
11132
11133
11134
11135
11136
11137
11138
11139
11140
11141
11142
11143
11144
11145
11146
11147
11148
11149
11150
11151
11152
11153
11154
11155
11156
11157
11158
11159
11160
11161
11162
11163
11164
11165
11166
11167
11168
11169
11170
11171
11172
11173
11174
11175
11176
11177
11178
11179
11180
11181
11182
11183
11184
11185
11186
11187
11188
11189
11190
11191
11192
11193
11194
11195
11196
11197
11198
11199
11200
11201
11202
11203
11204
11205
11206
11207
11208
11209
11210
11211
11212
11213
11214
11215
11216
11217
11218
11219
11220
11221
11222
11223
11224
11225
11226
11227
11228
11229
11230
11231
11232
11233
11234
11235
11238
11241
11242
11249
11252
11254
11256
11257
11258
11259
11266
11270
11272
11281
11282
11286
11287
11291
11294
11295
11299
11301
11305
11306
11307
11308
11310
11311
11312
11315
11317
11318
11323
11325
11326
11327
11333
11336
11338
11339
11340
11343
11348
11349
11352
11357
11358
11360
11361
11363
11370
11375
11382
11386
11392
11393
11395
11396
11398
11400
11404
11422
11423
12236
12237
12239
12240
12242
12244
12245
12246
12248
12249
12250
12252
12254
12256
12258
12260
12261
12262
12263
12264
12265
12266
12267
12268
12269
12270
12271
12272
12273
12274
12275
12276
12277
12278
12279
12280
12281
12282
12283
12284
12285
12286
12287
12288
12289
12290
12291
12292
12293
12294
12295
12296
12297
12302
12308
12309
12312
12314
12315
12329
12332
12333
12334
12335
12336
12337
12338
12339
12340
12341
12342
12343
12344
12345
12346
12347
12348
12349
12350
12351
12352
12353
12354
12355
12356
12357
12358
12359
12360
12361
12362
12363
12364
12365
12366
12367
12369
12372
12373
12374
12375
12376
12377
12381
12386
12387
12389
12392
12393
12395
12397
12400
12403
13068
13069
13072
13074
13076
13078
13080
13082
13083
13084
13086
13087
13088
13090
13460
13461
13464
13466
13468
13470
13472
13474
13476
13478
13480
13481
13482
13484
13486
13487
13488
13490
13492
13494
13496
13497
13498
13500
13502
13504
13506
13508
13510
13512
13514
13516
13518
13520
13521
13522
13523
13524
13526
13528
13530
13532
13534
13536
13537
13538
13540
13542
13544
13546
13548
13550
13552
13554
13556
13558
13559
13560
13562
13564
13566
13568
13570
13572
13573
13574
13576
13578
13580
13582
13584
13586
13587
13588
13589
13590
13592
13593
13594
13596
13598
13600
13602
13604
13605
13606
13608
13609
13610
13612
13614
13616
13618
13620
13621
13622
13624
13625
13626
13628
13630
13632
13634
13635
13636
13637
13638
13639
13640
13641
13642
13644
13646
13648
13650
13652
13654
13656
13657
13658
13660
13661
13662
13663
13664
13665
13666
13667
13668
13669
13670
13671
13674
13681
13682
13683
