242
253
627
680
885
2088
2089
2090
2091
2414
2415
2420
2421
2422
2423
3228
3246
3935
3944
3962
4144
4145
4148
4149
4176
4177
4192
4193
4212
4213
4230
4231
4254
4255
5638
5640
5652
5662
5664
5674
5692
5698
5714
5726
5754
5756
5780
5786
5788
5790
5792
5794
5822
5824
5834
5876
5878
5880
5884
5890
5892
5894
5906
5922
5926
5932
5936
5944
5966
5974
5988
6002
6016
6030
6042
6046
6058
6070
6160
6161
6162
6163
6164
6165
6196
6197
6198
6199
6200
6201
6238
6239
6240
6241
6242
6243
6244
6245
6254
6255
6256
6257
6258
6259
6280
6281
6286
6287
6288
6289
6290
6291
6292
6293
6302
6303
6304
6305
6306
6307
6308
6309
6332
6333
6334
6335
6336
6337
6342
6343
6344
6345
6346
6347
6350
6352
6354
6355
6358
6359
6360
6361
6362
6363
6390
6392
6393
6394
6395
6402
6403
6404
6405
6406
6407
6414
6415
6416
6417
6418
6419
6420
6421
6422
6423
6424
6425
6440
6441
6448
6449
6450
6451
6458
6459
6460
6461
6468
6469
6470
6471
6472
6473
6478
6479
6480
6481
6482
6483
6484
6485
6490
6491
6500
6501
6502
6503
6504
6505
6507
6508
6509
6516
6518
6519
6520
6521
6522
6523
6524
6525
6530
6531
6540
6541
6542
6543
6544
6545
6554
6555
6556
6557
6558
6559
6560
6561
6562
6563
6578
6579
6580
6581
6582
6583
6584
6585
6596
6597
6598
6599
6600
6601
6602
6603
6604
6605
6606
6607
6622
6623
6624
6625
6626
6627
6634
6635
6636
6637
6638
6639
6640
6641
6642
6643
6644
6645
6670
6671
6688
6689
6696
6697
6698
6699
6706
6707
6708
6709
6710
6711
6712
6713
6718
6719
6724
6725
6726
6727
6728
6729
6730
6731
6732
6733
6736
6737
6772
6773
6785
6792
6793
6794
6795
6796
6797
6804
6805
6806
6807
6808
6809
6814
6815
6820
6821
6822
6823
6824
6825
6826
6827
6828
6829
6832
6833
6836
6837
6880
6881
6882
6883
6890
6891
6892
6893
6894
6895
6900
6901
6902
6903
6904
6905
6906
6907
6912
6914
6915
6920
6921
6922
6923
6924
6925
6926
6927
6928
6929
6930
6931
6932
6933
6934
6935
6936
6937
6938
6939
6940
6941
6942
6943
6944
6945
6960
6961
6962
6963
6966
6967
6970
6971
6976
6977
6990
6991
6998
6999
7000
7001
7002
7003
7004
7005
7012
7013
7014
7015
7016
7017
7022
7023
7024
7025
7030
7031
7032
7033
7034
7035
7036
7037
7038
7039
7040
7041
7044
7045
7046
7047
7048
7049
7050
7051
7052
7053
7054
7055
7066
7067
7068
7069
7070
7071
7074
7075
7078
7079
7082
7083
7094
7095
7096
7097
7098
7099
7102
7103
7106
7107
7108
7109
7112
7113
7120
7121
7122
7123
7130
7131
7132
7133
7138
7139
7140
7141
7142
7143
7144
7145
7146
7147
7148
7149
7150
7151
7152
7153
7154
7155
7156
7157
7158
7159
7160
7161
7162
7163
7164
7165
7166
7167
7184
7185
7190
7191
7192
7193
7194
7195
7196
7197
7200
7201
7210
7211
7218
7219
7220
7221
7228
7229
7230
7231
7232
7233
7234
7235
7236
7237
7238
7239
7242
7243
7244
7245
7246
7247
7250
7251
7252
7253
7254
7255
7268
7269
7270
7271
7272
7273
7274
7275
7276
7277
7280
7281
7282
7283
7290
7291
7298
7299
7300
7301
7302
7303
7306
7307
7308
7309
7310
7311
7314
7315
7316
7317
7318
7319
7320
7321
7324
7325
7326
7327
7328
7329
7330
7331
7332
7333
7334
7335
7336
7337
7350
7351
7352
7353
7354
7355
7356
7357
7360
7361
7362
7363
7376
7377
7378
7379
7384
7385
7386
7387
7388
7389
7390
7391
7392
7393
7394
7395
7396
7397
7398
7399
7400
7401
7402
7403
7404
7405
7406
7407
7416
7417
7422
7423
7424
7425
7426
7427
7428
7429
7438
7439
7442
7443
7444
7445
7446
7447
7448
7449
7450
7451
7452
7453
7454
7455
7456
7457
7458
7459
7460
7461
7462
7463
7464
7465
7478
7479
7480
7481
7490
7491
7496
7497
7498
7499
7500
7501
7502
7503
7779
7784
7785
7793
8110
8156
8194
8196
8202
8208
8248
8250
8258
8262
8264
8266
8272
8310
8312
8314
8320
8322
8326
8328
8330
8336
8338
8376
8378
8380
8382
8388
8390
8394
8396
8398
8400
8454
8456
8458
8460
8466
8468
8470
8474
8476
8478
8480
8486
8488
8490
8498
8536
8538
8540
8542
8544
8548
8550
8552
8554
8558
8560
8562
8565
8568
8570
8572
8584
8628
8630
8632
8634
8636
8644
8646
8648
8652
8654
8656
8664
8668
8676
8678
8682
8724
8726
8728
8730
8732
8736
8742
8744
8748
8750
8752
8762
8764
8766
8830
8832
8834
8836
8838
8848
8852
8856
8858
8860
8870
8872
8882
8884
8886
8888
8904
8908
8914
8916
8930
8940
8942
8944
8946
8948
8956
8960
8964
8966
8968
8976
8978
8980
8986
8988
8990
9006
9012
9020
9024
9052
9054
9056
9058
9060
9062
9064
9066
9068
9072
9076
9078
9080
9082
9084
9096
9098
9100
9102
9104
9106
9108
9130
9132
9134
9136
9140
9142
9144
9146
9148
9150
9152
9154
9156
9158
9160
9166
9176
9180
9182
9184
9186
9188
9190
9194
9212
9214
9216
9220
9222
9224
9226
9228
9230
9232
9234
9236
9238
9240
9246
9252
9254
9256
9258
9260
9262
9264
9266
9268
9290
9292
9294
9296
9298
9300
9302
9304
9306
9308
9310
9312
9314
9316
9318
9320
9322
9324
9326
9328
9330
9338
9346
9348
9350
9352
9354
9356
9358
9360
9362
9364
9366
9368
9370
9372
9374
9376
9378
9382
9906
9907
9910
9911
9912
9913
9914
9915
9918
9919
9920
9921
9922
9923
9926
9927
9928
9929
9938
9939
9940
9941
9942
9943
9946
9947
9948
9949
9950
9951
9952
9953
9954
9955
9958
9959
9966
9967
9968
9969
9972
9973
9974
9975
9978
9979
9980
9981
9984
9985
9986
9987
9988
9989
9990
9991
9992
9993
9996
9997
9998
9999
10002
10003
10006
10007
10008
10009
10010
10011
10014
10015
10018
10019
10020
10021
10022
10023
10026
10027
10028
10029
10030
10031
10034
10035
10036
10037
10038
10039
10042
10043
10044
10045
10046
10047
10050
10051
10052
10053
10054
10055
10056
10057
10058
10059
10060
10061
10062
10063
10064
10065
10066
10067
10068
10069
10070
10071
10072
10073
10074
10075
10076
10077
10078
10079
10080
10081
10082
10083
10084
10085
10086
10087
10088
10089
10090
10091
10092
10093
10094
10095
11122
11146
11858
11859
11864
11865
11866
11867
11868
11869
11870
11871
11872
11873
11880
11881
11882
11883
11886
11887
11888
11889
11898
11899
11900
11901
11902
11903
11904
11905
11906
11907
11916
11917
11918
11919
11920
11921
11922
11923
11930
11931
11932
11933
11936
11937
11938
11939
11940
11941
11950
11951
11954
11955
11956
11957
11958
11959
11972
11973
11976
11977
11986
11987
11990
11991
12002
12003
12006
12007
12010
12011
12022
12023
12026
12027
12034
12035
12038
12039
12042
12043
12046
12047
12282
12290
12293
12356
12750
12762
12763
13078
13086
13520
13660
