134
135
136
137
138
139
140
141
142
143
144
145
146
147
148
149
150
151
152
153
154
155
156
157
158
159
160
161
162
163
164
165
166
167
168
169
170
171
172
173
174
175
176
177
178
179
180
181
182
183
184
185
186
187
188
189
190
191
192
193
194
195
198
204
206
209
210
212
215
216
225
232
234
235
238
239
241
245
247
249
253
254
255
256
257
258
259
260
261
262
263
560
561
562
563
564
565
566
567
568
569
570
571
572
573
574
575
576
577
578
579
580
581
582
583
584
585
586
587
588
589
590
591
593
595
597
598
599
600
601
602
603
605
607
609
611
613
615
616
619
621
623
624
625
627
629
631
632
634
636
638
639
640
642
644
646
647
649
650
652
654
656
658
659
660
662
664
666
667
670
672
674
676
678
680
682
684
687
690
691
694
696
698
700
702
703
704
707
710
712
713
716
721
724
725
726
732
738
739
740
746
748
