80
81
84
86
87
88
90
92
94
95
96
98
100
101
102
103
104
106
107
108
110
112
114
116
118
120
122
124
125
126
128
130
132
134
136
138
140
142
144
145
147
148
149
150
152
154
156
158
159
160
161
162
164
166
167
168
170
171
172
174
175
176
177
178
179
180
181
182
183
184
186
187
188
190
191
192
194
196
197
198
200
202
203
204
206
208
209
210
211
212
214
216
218
219
220
222
223
224
225
226
227
228
229
230
232
234
236
237
238
240
242
244
246
248
249
250
252
253
254
255
256
257
258
259
260
262
264
265
266
268
269
270
272
274
276
278
280
282
283
284
286
287
288
290
292
294
296
298
300
301
302
303
304
306
307
308
310
312
313
314
315
316
318
320
322
323
324
326
328
330
332
334
336
338
339
340
342
344
346
348
350
352
354
356
358
360
362
364
366
367
368
370
372
374
376
377
378
379
380
381
382
384
385
386
387
388
389
390
392
394
396
398
400
401
402
403
404
406
407
408
410
412
414
416
417
418
420
422
424
425
426
427
428
430
431
432
434
436
438
440
442
444
446
448
450
452
454
455
456
458
459
460
461
462
464
466
467
468
470
471
472
474
476
478
480
482
483
484
486
488
490
492
494
496
497
498
500
501
502
504
505
506
507
508
509
510
512
514
515
516
517
518
520
522
523
524
526
528
529
530
532
534
535
536
538
540
542
543
544
546
548
550
551
552
554
556
558
560
562
564
565
566
568
570
572
573
574
575
576
577
578
580
581
582
584
586
587
588
590
592
594
596
597
598
600
602
603
604
606
608
610
611
612
614
616
618
620
621
622
624
626
628
630
632
633
634
636
638
640
641
642
644
645
646
648
650
651
652
654
656
657
658
659
660
661
662
663
664
665
666
668
670
672
673
674
676
678
680
682
684
686
688
690
692
694
696
697
698
700
702
704
706
708
710
712
714
715
716
718
720
721
722
724
725
726
728
730
731
732
734
736
738
740
742
743
744
745
746
748
750
752
754
755
756
757
758
760
762
763
764
766
768
770
772
774
776
778
780
781
782
784
786
787
788
789
790
791
792
794
796
798
800
802
804
806
808
809
810
811
812
814
815
816
817
818
820
821
822
824
826
828
830
831
832
834
835
836
838
839
840
842
843
844
846
848
849
850
852
854
855
856
857
858
860
862
863
864
866
868
870
871
872
873
874
876
878
880
881
882
884
886
888
890
892
893
894
896
898
900
901
902
903
904
905
906
908
910
911
912
914
916
917
918
920
922
923
924
926
927
928
930
932
933
934
936
938
939
940
942
944
945
946
948
950
951
952
954
955
956
957
958
960
962
964
966
968
970
971
972
974
976
978
979
980
982
984
986
987
988
989
990
992
994
996
997
998
999
1000
1002
1004
1006
1007
1008
1010
1011
1012
1014
1016
1017
1018
1020
1022
1024
1025
1026
1028
1030
1031
1032
1034
1035
1036
1038
1040
1041
1042
1043
1044
1046
1048
1050
1052
1054
1055
1056
1058
1060
1061
1062
1064
1066
1068
1070
1072
1074
1076
1077
1078
1080
1082
1083
1084
1086
1088
1090
1091
1092
1094
1096
1098
1100
1102
1104
1106
1108
1110
1112
1114
1115
1116
1118
1119
1120
1122
1124
1125
1126
1128
1130
1132
1133
1134
1135
1136
1138
1140
1142
1143
1144
1145
1146
1147
1148
1150
1152
1154
1156
1157
1158
1160
1162
1164
1166
1167
1168
1170
1171
1172
1173
1174
1176
1178
1179
1180
1182
1183
1184
1185
1186
1188
1190
1191
1192
1194
1195
1196
1198
1199
1200
1202
1204
1206
1207
1208
1210
1212
1214
1216
1218
1220
1221
1222
1224
1225
1226
1228
1230
1232
1233
1234
1235
1236
1237
1238
1239
1240
1241
1242
1243
1244
1246
1248
1250
1251
1252
1253
1254
1255
1256
1258
1259
1260
1262
1263
1264
1266
1267
1268
1270
1272
1274
1276
1278
1279
1280
1282
1284
1285
1286
1288
1290
1291
1292
1293
1294
1296
1297
1298
1300
1301
1302
1303
1304
1305
1306
1307
1308
1310
1312
1313
1314
1315
1316
1318
1320
1321
1322
1324
1326
1328
1330
1331
1332
1334
1335
1336
1338
1339
1340
1341
1342
1344
1346
1348
1350
1351
1352
1354
1356
1358
1359
1360
1362
1364
1366
1368
1370
1371
1372
1373
1374
1375
1376
1378
1380
1381
1382
1383
1384
1386
1387
1388
1390
1392
1394
1396
1397
1398
1399
1400
1402
1404
1406
1407
1408
1410
1412
1414
1416
1418
1420
1422
1424
1426
1428
1430
1432
1433
1434
1435
1436
1438
1440
1441
1442
1443
1444
1446
1447
1448
1449
1450
1452
1453
1454
1456
1457
1458
1459
1460
1461
1462
1463
1464
1465
1466
1467
1468
1470
1472
1474
1476
1477
1478
1480
1482
1484
1486
1487
1488
1489
1490
1492
1494
1495
1496
1498
1500
1501
1502
1504
1506
1507
1508
1510
1512
1514
1516
1518
1520
1522
1524
1526
1528
1530
1532
1533
1534
1536
1538
1540
1542
1544
1545
1546
1548
1550
1552
1554
1555
1556
1558
1560
1562
1563
1564
1566
1568
1570
1572
1574
1576
1578
1579
1580
1581
1582
1584
1586
1588
1590
1591
1592
1594
1596
1598
1600
1602
1603
1604
1606
1607
1608
1610
1612
1614
1615
1616
1618
1619
1620
1622
1623
1624
1626
1628
1629
1630
1631
1632
1634
1636
1638
1640
1642
1644
1646
1647
1648
1650
1652
1654
1656
1657
1658
1660
1662
1664
1666
1667
1668
1670
1671
1672
1674
1676
1677
1678
1680
1682
1684
1686
1688
1689
1690
1691
1692
1694
1696
1698
1700
1702
1704
1706
1707
1708
1709
1710
1711
1712
1714
1716
1718
1719
1720
1722
1724
1726
1728
1729
1730
1732
1733
1734
1736
1738
1740
1741
1742
1743
1744
1746
1748
1750
1752
1753
1754
1756
1758
1759
1760
1762
1763
1764
1766
1767
1768
1770
1771
1772
1774
1776
1778
1780
1781
1782
1783
1784
1785
1786
1788
1790
1791
1792
1794
1796
1798
1800
1802
1804
1805
1806
1808
1810
1812
1814
1815
1816
1817
1818
1820
1822
1824
1825
1826
1827
1828
1830
1832
1834
1835
1836
1837
1838
1840
1841
1842
1844
1846
1848
1850
1852
1854
1856
1858
1859
1860
1862
1864
1866
1867
1868
1870
1871
1872
1873
1874
1876
1877
1878
1880
1882
1884
1886
1888
1889
1890
1892
1894
1896
1898
1900
1902
1903
1904
1906
1908
1910
1912
1914
1916
1918
1919
1920
1922
1924
1925
1926
1928
1930
1932
1934
1936
1938
1940
1942
1944
1945
1946
1947
1948
1949
1950
1952
1954
1956
1957
1958
1960
1962
1963
1964
1966
1968
1970
1972
1974
1975
1976
1977
1980
1982
1984
1985
1986
1988
1990
1992
1994
1996
1998
2000
2001
2003
2004
2005
2006
2007
2008
2010
2011
2012
2014
2016
2018
2020
2022
2023
2024
2026
2027
2028
2030
2031
2032
2034
2035
2036
2038
2039
2040
2042
2043
2044
2046
2048
2050
2052
2054
2056
2058
2059
2060
2062
2063
2064
2065
2066
2068
2070
2072
2074
2076
2078
2079
2080
2082
2084
2086
2088
2089
2090
2092
2094
2095
2096
2098
2100
2101
2102
2104
2105
2106
2108
2110
2112
2113
2114
2116
2118
2120
2122
2124
2125
2126
2127
2128
2129
2130
2132
2134
2135
2136
2138
2140
2141
2142
2144
2146
2148
2150
2152
2154
2155
2156
2158
2160
2161
2164
2166
2168
2170
2172
2174
2175
2176
2178
2180
2182
2184
2186
2188
2190
2192
2194
2196
2198
2200
2202
2204
2206
2208
2209
2210
2212
2214
2216
2217
2220
2221
2222
2224
2226
2228
2229
2230
2232
2234
2235
2236
2238
2239
2240
2242
2244
2246
2248
2250
2252
2254
2256
2258
2260
2262
2264
2266
2268
2270
2272
2274
2276
2278
2280
2281
2282
2284
2286
2287
2288
2289
2290
2291
2292
2294
2295
2296
2298
2299
2300
2301
2302
2304
2306
2308
2309
2310
2312
2313
2314
2316
2317
2318
2320
2322
2324
2325
2326
2328
2330
2332
2334
2335
2336
2338
2340
2342
2344
2346
2347
2348
2350
2351
2352
2354
2356
2358
2360
2362
2363
2364
2366
2367
2368
2370
2372
2373
2374
2375
2376
2378
2380
2382
2384
2386
2387
2388
2390
2392
2394
2396
2398
2400
2402
2404
2405
2406
2408
2410
2412
2413
2414
2415
2672
2673
2674
2676
2677
2678
2680
2681
2682
2684
2685
2686
2688
2690
2691
2692
2693
2694
2696
2698
2699
2700
2701
2702
2703
2704
2705
2706
2707
2708
2709
2710
2712
2714
2715
2716
2718
2720
2722
2724
2726
2728
2730
2732
2734
2736
2738
2740
2741
2742
2744
2746
2748
2749
2750
2752
2754
2756
2758
2759
2760
2761
2764
2765
2766
2768
2769
2770
2772
2774
2775
2776
2778
2780
2782
2783
2784
2786
2787
2788
2789
2790
2792
2794
2796
2797
2798
2800
2802
2804
2806
2808
2810
2812
2814
2816
2818
2819
2820
2822
2823
2824
2825
2826
2828
2830
2832
2834
2835
2836
2838
2839
2840
2842
2844
2846
2848
2850
2852
2854
2856
2857
2858
2860
2862
2863
2864
2866
2867
2868
2870
2872
2874
2876
2878
2880
2882
2884
2886
2887
2888
2889
2890
2892
2894
2896
2898
2900
2901
2902
2903
2904
2905
2906
2907
2908
2910
2912
2914
2916
2918
2920
2922
2924
2925
2926
2927
2928
2929
2930
2931
2932
2934
2935
2936
2938
2940
2942
2944
2946
2948
2949
2950
2952
2954
2956
2958
2960
2961
2962
2964
2966
2968
2970
2972
2973
2974
2975
2976
2978
2980
2982
2984
2985
2986
2987
2988
2990
2992
2994
2995
2996
2998
2999
3000
3001
3002
3003
3004
3006
3008
3009
3010
3012
3013
3014
3016
3018
3020
3021
3022
3024
3025
3026
3028
3029
3030
3056
3057
3058
3060
3061
3062
3063
3064
3065
3066
3068
3070
3072
3074
3075
3076
3078
3080
3082
3083
3084
3085
3086
3087
3088
3089
3090
3092
3094
3095
3096
3098
3100
3101
3102
3103
3104
3106
3107
3108
3109
3110
3111
3112
3114
3116
3117
3118
3120
3121
3122
3123
3124
3126
3127
3128
3129
3130
3131
3132
3134
3135
3136
3137
3138
3139
3140
3142
3144
3145
3146
3147
3148
3150
3151
3152
3153
3154
3155
3156
3157
3158
3159
3160
3162
3163
3164
3166
3168
3170
3171
3172
3173
3174
3176
3177
3178
3179
3180
3182
3183
3184
3186
3187
3188
3190
3192
3193
3194
3196
3198
3200
3201
3202
3204
3206
3208
3209
3210
3212
3213
3214
3216
3217
3218
3219
3220
3221
3222
3223
3224
3226
3227
3228
3230
3232
3234
3235
3236
3237
3238
3239
3240
3241
3242
3243
3244
3246
3248
3249
3250
3252
3253
3254
3256
3257
3258
3259
3260
3262
3264
3266
3267
3268
3269
3270
3272
3273
3274
3276
3277
3278
3280
3282
3283
3284
3285
3286
3287
3288
3290
3292
3294
3295
3296
3297
3298
3299
3300
3302
3304
3306
3308
3309
3310
3312
3314
3315
3316
3317
3318
3319
3320
3321
3322
3324
3325
3326
3328
3330
3331
3332
3334
3335
3336
3338
3340
3342
3343
3344
3345
3346
3347
3348
3350
3352
3353
3354
3356
3357
3358
3359
3360
3362
3363
3364
3365
3366
3368
3369
3370
3372
3373
3374
3376
3378
3379
3380
3382
3383
3384
3385
3386
3388
3390
3391
3392
3394
3396
3398
3400
3402
3404
3405
3406
3407
3408
3409
3410
3412
3414
3416
3418
3419
3420
3421
3422
3423
3424
3426
3427
3428
3429
3430
3431
3432
3434
3435
3436
3437
3438
3439
3440
3441
3442
3444
3445
3446
3448
3450
3452
3453
3454
3455
3456
3457
3458
3460
3462
3464
3466
3467
3468
3470
3472
3474
3476
3478
3480
3482
3484
3486
3488
3490
3492
3494
3496
3498
3499
3500
3501
3502
3503
3504
3506
3507
3508
3509
3510
3511
3512
3514
3516
3518
3520
3521
3522
3523
3524
3526
3527
3528
3529
3530
3531
3532
3534
3535
3536
3538
3540
3541
3542
3544
3545
3546
3547
3548
3549
3550
3552
3554
3556
3557
3558
3560
3561
3562
3563
3564
3565
3566
3567
3568
3570
3571
3572
3574
3575
3576
3578
3579
3580
3582
3584
3586
3588
3590
3592
3594
3596
3598
3600
3602
3603
3604
3605
3606
3607
3608
3609
3610
3611
3612
3613
3614
3615
3616
3618
3619
3620
3621
3622
3624
3626
3628
3629
3630
3632
3633
3634
3636
3637
3638
3640
3642
3644
3645
3646
3648
3650
3652
3653
3654
3655
3656
3658
3659
3660
3662
3663
3664
3665
3666
3667
3668
3669
3670
3671
3672
3674
3676
3677
3678
3679
3680
3682
3684
3686
3688
3689
3690
3691
3692
3694
3695
3696
3698
3699
3700
3702
3703
3704
3706
3707
3708
3710
3712
3713
3714
3716
3717
3718
3720
3722
3723
3724
3726
3727
3728
3729
3730
3732
3734
3735
3736
3738
3739
3740
3742
3743
3744
3746
3747
3748
3749
3750
3752
3753
3754
3755
3756
3758
3760
3762
3764
3765
3766
3768
3769
3770
3772
3774
3776
3778
3780
3782
3783
3784
3786
3788
3790
3792
3793
3794
3795
3796
3798
3800
3801
3802
3803
3804
3805
3806
3808
3810
3812
3814
3816
3818
3820
3822
3824
3826
3828
3830
3832
3834
3835
3836
3837
3838
3840
3842
3844
3845
3846
3848
3849
3850
3851
3852
3854
3855
3856
3857
3858
3859
3860
3861
3862
3864
3865
3866
3868
3869
3870
3872
3874
3876
3877
3878
3880
3882
3884
3886
3887
3888
3890
3892
3894
3896
3897
3898
3900
3902
3903
3904
3905
3906
3907
3908
3910
3911
3912
3914
3916
3918
3920
3921
3922
3924
3926
3927
3928
3929
3930
3931
3932
3934
3936
3937
3938
3939
3940
3941
3942
3944
3945
3946
3948
3949
3950
3952
3953
3954
3956
3957
3958
3960
3962
3964
3966
3967
3968
3970
3972
3974
3976
3978
3980
3982
3984
3985
3986
3988
3989
3990
3992
3993
3994
3995
3996
3997
3998
4000
4002
4003
4004
4006
4007
4008
4010
4012
4013
4014
4015
4016
4017
4018
4019
4020
4022
4024
4025
4026
4027
4028
4030
4032
4034
4035
4036
4038
4039
4040
4041
4042
4043
4044
4046
4047
4048
4050
4051
4052
4053
4054
4055
4056
4058
4059
4060
4061
4062
4064
4066
4068
4070
4071
4072
4074
4075
4076
4077
4078
4079
4080
4082
4083
4084
4086
4087
4088
4090
4092
4093
4094
4096
4097
4098
4100
4102
4104
4105
4106
4108
4110
4112
4114
4116
4118
4120
4121
4122
4124
4125
4126
4128
4130
4132
4133
4134
4135
4136
4138
4140
4141
4142
4144
4145
4146
4148
4150
4152
4154
4156
4158
4160
4162
4164
4166
4168
4169
4170
4172
4173
4174
4175
4176
4178
4180
4181
4182
4184
4186
4188
4190
4192
4194
4195
4196
4198
4199
4200
4202
4203
4204
4205
4206
4208
4210
4212
4214
4216
4217
4218
4219
4220
4222
4224
4226
4227
4228
4229
4230
4232
4234
4236
4238
4240
4242
4243
4244
4245
4246
4247
4248
4249
4250
4251
4252
4253
4254
4255
4256
4258
4260
4261
4262
4264
4265
4266
4268
4270
4271
4272
4273
4274
4275
4276
4277
4278
4279
4280
4282
4284
4285
4286
4287
4288
4289
4290
4292
4293
4294
4295
4296
4297
4298
4300
4302
4303
4304
4305
4306
4307
4308
4309
4310
4312
4314
4316
4317
4318
4319
4320
4322
4324
4326
4328
4330
4332
4333
4334
4336
4338
4340
4341
4342
4344
4346
4347
4348
4350
4351
4352
4354
4355
4356
4357
4358
4360
4362
4363
4364
4365
4366
4367
4368
4369
4370
4371
4372
4374
4375
4376
4377
4378
4380
4382
4384
4386
4387
4388
4389
4390
4391
4392
4394
4396
4397
4398
4399
4400
4401
4402
4403
4404
4405
4406
4407
4408
4409
4410
4412
4414
4415
4416
4418
4419
4420
4422
4424
4425
4426
4428
4429
4430
4431
4432
4434
4436
4438
4440
4442
4444
4445
4446
4448
4450
4452
4454
4456
4457
4458
4459
4460
4462
4463
4464
4466
4468
4469
4470
4472
4473
4474
4476
4477
4478
4480
4482
4484
4485
4486
4487
4488
4489
4490
4491
4492
4493
4494
4496
4498
4500
4501
4502
4503
4504
4506
4508
4509
4510
4512
4514
4515
4516
4518
4519
4520
4521
4522
4523
4524
4526
4527
4528
4530
4532
4533
4534
4536
4537
4538
4540
4542
4543
4544
4546
4548
4549
4550
4552
4553
4554
4556
4558
4559
4560
4561
4563
4564
4566
4567
4568
4570
4571
4572
4574
4575
4576
4578
4580
4581
4582
4584
4586
4587
4588
4590
4591
4592
4594
4596
4597
4598
4599
4600
4601
4602
4603
4604
4605
4606
4608
4609
4610
4612
4614
4615
4616
4617
4618
4620
4621
4622
4624
4625
4626
4628
4630
4632
4634
4636
4638
4639
4640
4641
4642
4644
4645
4646
4648
4649
4652
4654
4655
4656
4658
4659
4660
4662
4664
4666
4668
4670
4672
4673
4674
4675
4676
4678
4680
4682
4684
4686
4688
4690
4691
4692
4693
4694
4696
4697
4699
4700
4701
4702
4703
4704
4706
4707
4708
4710
4712
4714
4715
4716
4718
4720
4722
4724
4726
4728
4729
4730
4732
4734
4735
4736
4737
4738
4740
4742
4743
4744
4745
4746
4748
4750
4752
4754
4756
4758
4759
4760
4762
4764
4766
4768
4770
4772
4774
4776
4778
4780
4781
4782
4784
4786
4787
4788
4789
4790
4791
4792
4794
4795
4796
4798
4799
4800
4801
4802
4803
4804
4806
4808
4810
4812
4814
4816
4817
4818
4820
4821
4822
4824
4826
4828
4829
4830
4832
4834
4836
4838
4839
4840
4842
4844
4845
4846
4848
4849
4850
4852
4854
4856
4857
4858
4860
4861
4862
4864
4866
4868
4870
4872
4873
4874
4876
4878
4880
4882
4883
4884
4886
4888
4890
4892
4894
4896
4898
4899
4900
4902
4903
4904
4905
4906
4908
4910
4911
4912
4914
4915
4916
4918
4919
4920
4922
4924
4926
4927
4928
4929
4930
4931
4932
4934
4936
4938
4939
4940
4942
4943
4944
4945
4946
4947
4948
4950
4952
4953
4954
4955
4956
4957
4958
4959
4960
4962
4964
4965
4966
4968
4970
4971
4972
4973
4974
4976
4977
4978
4980
4981
4982
4983
4984
4985
4986
4987
4988
4990
4992
4993
4994
4996
4998
5000
5002
5004
5006
5008
5009
5010
5012
5014
5016
5018
5019
5020
5022
5024
5026
5028
5029
5030
5032
5034
5036
5038
5039
5040
5042
5044
5046
5048
5050
5052
5054
5055
5056
5058
5060
5062
5064
5066
5068
5070
