464
465
466
467
468
469
470
471
472
473
474
475
476
477
478
481
484
486
490
492
508
510
514
516
518
520
522
523
524
525
526
527
528
529
530
531
532
533
534
535
536
537
538
539
540
541
542
543
544
545
547
548
549
550
551
656
657
658
661
662
665
667
680
691
692
693
695
696
698
700
703
705
710
756
757
762
763
792
793
796
797
800
801
804
805
806
807
812
813
826
827
1471
1472
1475
1481
1489
1505
1519
1521
1543
1546
1547
1548
1549
1550
1551
1552
1553
1555
1561
1563
1567
1569
1571
1573
1577
1578
1580
1581
1583
1601
1602
1604
1605
1606
1607
1783
1791
1792
1797
1803
1808
1822
1835
1839
1841
1842
1845
1850
1851
1854
1855
1858
1862
1866
1867
1869
1870
1871
1874
1878
1882
1883
1886
1887
1890
1891
1894
1895
1902
1910
1915
1918
1919
1934
1938
1942
1950
1951
2150
2152
2183
2185
2187
2189
2212
2213
2224
2225
2226
2227
2512
2513
2896
3463
3465
3473
3477
3480
3481
3484
3486
3489
3493
3494
3499
3503
3504
3522
3523
3525
3527
3529
3541
3542
3545
3546
3550
3554
3557
3558
3561
3566
3570
3573
3574
3577
3578
3582
3585
3586
3594
3597
3599
3606
3608
3610
3626
3627
3831
3833
3835
3836
3837
3840
3843
3851
3854
3855
3856
3857
3859
3861
3863
3865
3867
3869
3871
3873
3875
3877
3879
3880
3884
3887
4033
4034
4035
4036
4037
4039
4041
4045
4049
4051
4053
4057
4059
4061
4075
4077
4083
4086
4087
4088
4089
4090
4091
4093
4094
4095
4096
4097
4098
4099
4100
4101
4102
4103
4104
4105
4106
4107
4108
4109
4110
4111
4112
4113
4115
4119
4121
4122
4123
4125
4127
4129
4131
4133
4137
4141
4143
4145
4146
4147
4328
4330
4331
4332
4333
4339
4343
4356
4361
4364
4367
4368
4369
4371
4375
4376
4378
4379
4380
4381
4382
4385
4386
4389
4399
4411
4413
4421
4431
4437
4438
4439
4440
4441
4443
4447
4451
5149
5152
5153
5398
5400
5560
5561
5562
5564
5565
5566
5567
5569
5570
5571
5572
5573
5574
5575
5577
5578
5579
5580
5581
5582
5583
5584
5585
5587
5588
5589
5590
5591
5592
5594
5595
5596
5597
5598
5601
5602
5603
5604
5605
5608
5609
5610
5611
5615
5616
5617
5622
5623
5624
5625
5626
5627
5634
5635
5636
5639
5640
5641
5642
5645
5646
5647
5648
5649
5650
5652
5654
5655
5656
5657
5658
5659
5660
5661
5663
5665
5666
5667
5668
5669
5670
5671
5673
5675
5676
5677
5678
5679
5680
5681
5685
5686
5687
5688
5689
5690
5691
5695
5696
5697
5698
5699
5702
5704
5705
5706
5707
5708
5713
5714
5715
5717
5718
5719
5726
5727
5729
5730
5732
5733
5735
5737
5738
5739
6323
6832
6833
6834
6835
6836
6837
6838
6839
6841
6842
6845
6847
6848
6849
6859
6871
6875
6877
6879
6881
6883
6885
6887
6889
6891
6893
6895
6897
6899
6901
6902
6903
6904
6905
6906
6907
6908
6909
6910
6911
6912
6913
6914
6915
6916
6917
6918
6919
7068
7069
