24
25
26
27
28
29
30
31
32
33
34
35
36
37
38
39
40
41
42
43
44
45
46
47
48
49
50
51
52
53
54
55
56
57
58
59
60
61
62
63
64
65
66
67
68
69
70
71
72
73
74
75
76
77
78
79
80
81
82
83
84
85
86
87
88
89
90
91
92
93
94
95
96
97
98
99
100
101
102
103
104
105
106
107
108
109
110
111
112
113
114
115
116
117
118
119
120
121
122
123
124
125
126
127
128
129
130
131
132
133
134
135
136
137
138
139
140
141
142
143
144
145
146
147
148
149
150
151
152
153
154
155
156
157
158
159
160
161
162
163
164
165
166
167
168
169
170
171
172
173
174
175
176
177
178
179
180
181
182
183
184
185
186
187
188
189
190
191
192
193
194
195
196
197
198
199
200
201
202
203
204
205
206
207
208
209
210
211
212
213
214
215
216
217
218
219
220
221
222
223
224
225
226
227
228
229
230
231
232
233
234
235
236
237
238
239
240
241
242
243
244
245
246
247
248
249
250
251
252
253
254
255
256
257
258
259
260
261
262
263
264
265
266
267
268
269
270
271
273
274
275
276
277
278
279
280
281
282
283
285
286
287
288
289
290
291
292
293
294
295
297
298
299
300
301
302
303
304
305
306
307
308
309
310
311
312
313
314
315
316
317
318
319
320
321
323
324
326
327
328
329
330
331
332
333
334
335
336
337
338
340
341
342
343
344
345
346
347
348
349
350
351
352
353
354
355
356
357
358
359
360
361
362
363
364
365
366
367
368
369
370
371
372
373
374
375
376
377
378
379
380
381
382
383
384
385
386
387
388
389
390
391
392
393
394
395
396
397
398
399
400
401
402
403
404
405
406
407
408
409
410
411
412
413
414
415
416
417
418
419
420
421
422
423
424
425
426
427
428
430
431
433
434
435
436
438
439
440
441
442
443
444
445
446
448
449
450
451
453
454
455
456
457
458
459
460
461
462
465
466
467
468
469
470
471
473
474
475
476
478
479
480
481
482
483
484
485
486
487
488
489
490
491
492
493
494
495
496
497
498
499
500
502
503
504
506
507
508
509
510
511
512
513
514
515
517
518
519
520
521
522
523
525
526
528
529
530
531
532
533
534
535
536
539
540
541
542
543
544
545
546
547
550
551
552
553
554
555
556
557
558
561
562
563
564
565
566
567
568
569
570
571
572
573
574
575
576
577
578
579
580
581
582
583
584
585
586
587
588
589
590
591
593
594
595
596
598
599
600
601
602
603
604
605
606
607
609
610
611
612
613
614
624
627
629
631
634
635
636
638
640
648
650
652
653
657
658
663
665
667
668
670
671
672
678
684
686
693
694
698
700
704
706
709
710
711
712
716
721
725
727
729
736
737
738
739
741
742
743
751
752
754
757
758
765
766
768
770
774
775
780
786
788
789
794
795
805
807
808
818
821
828
829
830
831
836
839
845
847
853
856
861
866
867
871
872
873
874
877
878
880
885
888
892
894
895
897
904
905
908
909
911
917
919
921
923
927
928
929
930
935
938
939
941
943
944
945
947
949
953
955
956
959
960
964
965
966
970
972
976
980
982
988
989
990
994
999
1000
1001
1002
1004
1011
1012
1016
1017
1018
1019
1021
1025
1026
1030
1033
1038
1041
1043
1050
1051
1052
1056
1061
1065
1066
1067
1070
1071
1072
1074
1075
1076
2208
2209
2210
2211
2212
2213
2214
2215
2216
2217
2218
2219
2220
2221
2222
2223
2224
2225
2226
2227
2228
2229
2230
2231
2232
2233
2234
2235
2236
2237
2238
2239
2240
2251
2488
2489
2490
2491
2492
2493
2494
2495
2496
2497
2498
2499
2502
2508
2620
2621
2622
2623
2624
2625
2626
2627
2628
2629
2630
2631
2634
2640
2660
2661
2662
2663
2664
2665
2666
2667
2672
2673
2676
2677
2678
2679
2680
2681
2682
2683
2684
2685
2686
2687
3840
3841
3842
3843
3844
3845
3846
3847
3848
3849
3850
3851
3852
3853
3854
3855
3856
3857
3858
3859
3860
3861
3862
3863
3864
3865
3866
3867
3868
3869
3870
3871
3878
3879
3880
3884
3885
3888
3893
3896
3898
3972
3973
3974
3975
3976
3977
3978
3979
3980
3981
3982
3983
4112
4113
4115
4116
4117
4152
4153
4192
4193
4196
4197
4198
4199
4200
4201
4202
4203
4208
4209
4228
4229
