# 射线击中的面片ID列表
# 格式: 面片ID
# -------------------------------
0
2
3
4
5
8
10
12
13
16
18
19
22
23
24
25
26
27
28
29
31
32
34
35
38
39
40
42
43
44
45
47
50
51
53
55
56
57
59
61
62
63
64
65
66
67
68
69
70
72
73
75
76
78
80
83
84
85
86
89
90
94
96
98
100
102
104
106
108
111
114
118
120
121
122
123
125
128
130
135
136
138
139
140
144
145
147
148
158
159
161
162
163
167
168
182
183
186
191
192
197
215
216
217
218
223
225
226
238
241
242
243
261
280
281
282
283
295
297
316
330
354
355
356
371
372
373
395
420
426
427
428
429
443
465
488
489
490
491
506
519
520
527
536
537
538
539
540
555
567
580
583
584
585
586
602
604
616
617
620
628
630
631
645
647
659
664
667
698
720
721
723
724
725
726
727
732
734
740
742
744
752
754
760
764
765
767
768
769
781
783
785
786
802
804
806
809
810
811
813
830
832
837
840
843
844
866
871
873
876
878
880
902
903
906
908
909
911
912
916
919
920
947
948
951
952
953
957
958
961
962
968
969
972
991
1007
1013
1015
1018
1027
1031
1052
1055
1061
1067
1068
1069
1077
1099
1104
1105
1106
1111
1134
1136
1137
1140
1154
1155
1156
1157
1168
1171
1172
1173
1176
1177
1179
1181
1187
1188
1191
1193
1198
1200
1202
1204
1206
1211
1215
1221
1222
1224
1227
1229
1231
1232
1234
1236
1238
1243
1247
1249
1257
1262
1287
1290
1292
1294
1301
1305
1306
1308
1312
1314
1317
1318
1323
1326
1332
1335
1337
1339
1345
1349
1358
1373
1374
1377
1380
1397
1407
1414
1422
1435
1443
1449
1451
1466
1484
1499
1501
1510
1514
1518
1530
1534
1542
1551
1576
1580
1589
1591
1600
1609
1620
1622
1625
1640
1643
1654
1659
1660
1665
1676
1680
1685
1693
1696
1701
1710
1714
1726
1731
1738
1788
1790
1809
1819
1823
1828
1848
1851
1853
1854
1856
1869
1871
1878
1886
1889
1890
1892
1893
1895
1897
1899
1901
1906
1915
1916
1918
1920
1928
1930
1931
1932
1934
1936
1937
1938
1941
1942
1943
1944
1946
1952
1961
1962
1963
1965
1966
1971
1980
1981
1982
1983
1985
1987
1988
1989
1990
1992
1993
1994
1995
1997
1999
2001
2007
2015
2017
2024
2026
2034
2036
2038
2040
2042
2044
2046
2048
2049
2050
2052
2054
2056
2058
2065
2072
2075
2076
2078
2080
2082
2083
2084
2086
2089
2096
2097
2098
2099
2101
2103
2104
2105
2107
2108
2109
2110
2112
2113
2114
2115
2116
2117
2118
2119
2120
2121
2123
2124
2125
2130
2136
2140
2141
2143
2145
2146
2147
2148
2149
2151
2152
2154
2162
2164
2166
2167
2168
2169
2172
2175
2176
2180
2182
2184
2185
2186
2189
2190
2192
2194
2195
2210
2211
2212
2213
2214
2218
2221
2223
2224
2226
2228
2231
2233
2240
2242
2243
2244
2246
2247
2249
2251
2253
2255
2256
2257
2258
2259
2261
2262
2263
2264
2265
2266
2267
2269
2271
2273
2275
2276
2277
2283
2284
2285
2287
2290
2295
2297
2298
2300
2301
2302
2303
2305
2307
2308
2310
2312
2315
2321
2323
2325
2327
2328
2329
2330
2331
2332
2335
2336
2337
2338
2339
2341
2343
2344
2346
2348
2350
2352
2353
2354
2355
2356
2357
2358
2365
2366
2370
2372
2373
2376
2378
2379
2380
2382
2383
2384
2387
2388
2389
2391
2393
2394
2395
2396
2398
2399
2400
2401
2403
2406
2407
2415
2416
2417
2418
2419
2420
2421
2422
2423
2425
2426
2427
2428
2429
2430
2431
2432
2433
2434
2435
2438
2439
2440
2441
2442
2443
2444
2447
2449
2450
2451
2452
2453
2455
2456
2457
2464
2467
2472
2475
2476
2477
2478
2479
2480
2481
2482
2483
2484
2485
2486
2488
2490
2493
2495
2497
2498
2501
2502
2503
2504
2506
2510
2511
2512
2513
2514
2515
2516
2517
2518
2519
2524
2528
2529
2531
2534
2535
2536
2537
2538
2545
2548
2550
2553
2554
2560
2564
2566
2570
2571
2572
2573
2574
2575
2576
2578
2580
2581
2583
2584
2585
2587
2589
2591
2593
2594
2596
2598
2599
2601
2607
2608
2610
2615
2617
2618
2619
2620
2622
2624
2625
2634
2638
2639
2642
2643
2645
2647
2656
2657
2658
2659
2661
2663
2669
2671
2672
2673
2677
2681
2682
2683
2684
2685
2686
2687
2688
2690
2691
2692
2693
2694
2696
2698
2699
2700
2702
2704
2705
2707
2708
2709
2710
2712
2716
2719
2724
2726
2727
2728
2729
2731
2732
2733
2734
2735
2737
2740
2743
2747
2750
2751
2752
2753
2754
2755
2760
2762
2763
2764
2765
2767
2772
2773
2774
2775
2776
2777
2778
2783
2784
2786
2787
2788
2791
2792
2793
2795
2796
2797
2799
2800
2801
2802
2803
2805
2806
2807
2809
2810
2811
2812
2813
2814
2816
2817
2818
2819
2820
2823
2828
2829
2833
2838
2841
2842
2843
2844
2845
2846
2848
2850
2851
2852
2853
2854
2855
2856
2857
2858
2859
2861
2863
2864
2865
2866
2867
2869
2870
2882
2884
2886
2887
2888
2889
2890
2891
2892
2895
2897
2899
2900
2901
2902
2903
2904
2905
2906
2907
2909
2910
2915
2916
2917
2919
2921
2923
2926
2927
2929
2930
2931
2933
2934
2935
2936
2937
2938
2939
2940
2941
2942
2943
2944
2946
2947
2948
2953
2962
2963
2964
2966
2967
2968
2969
2971
2972
2973
2974
2975
2976
2977
2978
2979
2980
2981
2982
2984
2985
2986
2987
2988
2989
2990
2991
2993
2996
2999
3001
3002
3003
3004
3006
3007
3008
3009
3010
3011
3013
3014
3015
3016
3017
3019
3020
3021
3023
3025
3026
3027
3028
3032
3038
3039
3040
3042
3043
3044
3046
3047
3048
3049
3050
3051
3053
3054
3055
3057
3063
3065
3066
3077
3078
3079
3080
3081
3083
3084
3085
3086
3087
3088
3089
3090
3092
3094
3095
3096
3097
3098
3099
3100
3101
3103
3104
3105
3106
3109
3110
3112
3113
3114
3116
3118
3125
3127
3132
3134
3135
3136
3137
3139
3140
3142
3143
3144
3145
3146
3148
3150
3151
3152
3153
3154
3156
3158
3159
3160
3161
3162
3163
3164
3167
3168
3169
3172
3179
3187
3189
3191
3193
3203
3207
3209
3220
3223
3231
3242
3244
3250
3252
3253
3255
3256
3260
3261
3262
3265
3275
3280
3282
3283
3285
3287
3288
3290
3293
3294
3295
3296
3312
3314
3321
3322
3323
3324
3325
3326
3328
3329
3331
3333
3334
3336
3339
3341
3356
3362
3363
3364
3365
3366
3368
3369
3371
3372
3374
3376
3378
3379
3381
3382
3384
3406
3407
3412
3413
3414
3415
3416
3417
3419
3420
3421
3422
3423
3425
3426
3427
3429
3431
3432
3433
3434
3437
3438
3439
3450
3452
3461
3466
3468
3470
3472
3473
3474
3475
3476
3477
3479
3480
3482
3484
3486
3488
3490
3494
3497
3499
3501
3508
3513
3514
3521
3522
3529
3530
3531
3533
3534
3535
3536
3537
3538
3539
3540
3541
3542
3545
3546
3547
3548
3549
3551
3553
3555
3556
3557
3558
3561
3563
3575
3576
3578
3581
3586
3594
3596
3598
3599
3600
3602
3603
3604
3606
3607
3608
3611
3612
3614
3616
3617
3618
3619
3620
3622
3623
3624
3625
3626
3627
3628
3632
3645
3647
3649
3651
3653
3655
3656
3658
3664
3665
3666
3669
3672
3673
3674
3675
3676
3677
3678
3679
3681
3683
3684
3685
3686
3687
3688
3689
3690
3691
3692
3693
3694
3695
3696
3697
3698
3699
3701
3703
3704
3705
3706
3707
3708
3709
3712
3714
3715
3716
3718
3729
3730
3732
3733
3734
3735
3736
3739
3740
3747
3755
3756
3758
3759
3760
3761
3762
3763
3764
3766
3767
3768
3769
3770
3771
3773
3775
3776
3778
3780
3782
3784
3786
3787
3788
3790
3791
3796
3797
3798
3799
3801
3804
3805
3812
3814
3815
3816
3818
3820
3821
3823
3825
3826
3827
3828
3830
3833
3838
3846
3849
3850
3852
3853
3854
3855
3856
3857
3858
3859
3860
3861
3863
3864
3865
3866
3868
3870
3871
3872
3873
3874
3875
3876
3877
3879
3881
3883
3884
3885
3887
3892
3894
3896
3900
3907
3908
3910
3912
3914
3915
3916
3917
3918
3920
3922
3925
3926
3935
3936
3937
3938
3939
3942
3943
3944
3945
3946
3947
3948
3949
3951
3954
3960
3961
3962
3963
3966
3967
3968
3969
3970
3976
3980
3982
3999
4001
4004
4005
4007
4008
4011
4012
4013
4015
4017
4019
4021
4023
4025
4026
4028
4031
4032
4038
4039
4041
4042
4044
4048
4050
4051
4052
4053
4054
4056
4057
4066
4071
4072
4074
4075
4077
4078
4079
4085
4086
4089
4090
4091
4092
4093
4094
4101
4103
4104
4105
4106
4108
4109
4113
4114
4117
4118
4119
4120
4121
4122
4123
4124
4126
4128
4129
4130
4131
4132
4134
4137
4139
4140
4141
4142
4143
4148
4150
4156
4159
4160
4161
4163
4164
4165
4166
4167
4173
4174
4175
4178
4181
4182
4183
4184
4185
4186
4187
4194
4195
4196
4199
4200
4202
4204
4205
4206
4207
4208
4209
4218
4219
4220
4222
4224
4226
4227
4229
4231
4232
4233
4235
4237
4238
4239
4241
4242
4243
4244
4245
4246
4248
4249
4250
4251
4252
4255
4259
4260
4261
4268
4270
4272
4273
4274
4275
4276
4278
4279
4280
4282
4283
4284
4285
4286
4287
4291
4292
4293
4295
4296
4297
4298
4299
4300
4302
4305
4314
4316
4318
4319
4320
4321
4322
4323
4324
4326
4328
4330
4332
4333
4335
4337
4339
4341
4348
4349
4350
4351
4352
4353
4355
4359
4360
4362
4363
4364
4365
4367
4368
4369
4370
4371
4372
4373
4374
4375
4376
4378
4379
4384
4385
4395
4396
4397
4398
4399
4401
4403
4405
4407
4408
4409
4411
4413
4414
4415
4416
4417
4418
4419
4420
4421
4422
4423
4425
4426
4430
4431
4433
4434
4435
4438
4439
4440
4441
4442
4443
4445
4446
4447
4448
4449
4450
4451
4452
4453
4454
4455
4457
4458
4459
4465
4470
4471
4472
4474
4475
4476
4477
4478
4479
4480
4481
4482
4483
4484
4486
4487
4488
4489
4499
4504
4505
4507
4509
4510
4511
4512
4513
4514
4515
4516
4517
4518
4519
4520
4521
4522
4523
4524
4525
4526
4527
4528
4529
4530
4531
4533
4534
4535
4536
4537
4538
4539
4541
4542
4543
4544
4545
4546
4547
4548
4556
4557
4559
4564
4565
4566
4567
4568
4569
4570
4571
4572
4574
4575
4576
4577
4578
4580
4582
4583
4584
4585
4587
4588
4590
4591
4592
4593
4594
4595
4596
4598
4600
4601
4606
4609
4610
4615
4619
4641
4644
4661
4663
4665
4674
4686
4688
4705
4706
4710
4732
4737
4740
4749
4753
4769
4783
4795
4799
4802
4812
4816
4823
4837
4841
4844
4846
4871
4878
4894
4896
4898
4907
4913
4932
4936
4952
4964
4975
4982
4986
4994
5005
5006
5047
5136
5148
5149
5191
5215
5279
5281
5363
5379
5428
5636
5667
5752
5767
6044
6062
6078
6090
6111
6166
6170
6338
6349
6573
6640
6692
6717
6793
6810
6865
6871
6876
6884
6888
6900
6906
6920
6926
6931
6960
7032
7036
7104
7117
7126
7133
7134
7158
7165
7169
7179
7202
7218
7219
7231
7238
7248
7259
7264
7267
7271
7279
7280
7283
7284
7288
7290
7293
7299
7302
7310
7357
7411
7432
7457
7470
7483
7534
7535
7537
7545
7555
7571
7599
7611
7629
7724
7732
7738
7740
7766
7775
7784
7797
8541
8548
9477
9478
9481
9482
9484
9489
9493
9494
9503
9508
9517
9518
9521
9522
9524
9527
9528
9531
10548
10550
10555
10557
10559
10560
10564
10567
10569
10571
10581
10589
10590
10595
11422
11427
11431
11434
11439
11440
12276
12277
12278
12284
12286
12289
12291
12296
12298
12299
12308
12309
12310
12316
12320
12322
12325
12338
12339
12341
12342
12345
12360
12364
12366
12369
12373
12392
12397
12398
12400
12401
12403
12405
12418
12423
12426
12430
12432
12434
12436
12438
12441
12464
12468
12469
12471
12472
12473
12476
12478
12480
12481
12483
12485
12510
12516
12521
12522
12526
12530
12537
12539
12553
12568
12569
12573
12578
12583
12590
12591
12612
12613
12620
12627
12634
12635
12648
12649
12660
12662
12670
12672
12673
12676
12689
12692
12693
12704
12705
12710
12711
12716
12717
13634
13643
