412
413
414
415
416
417
418
419
420
421
422
423
816
817
818
819
820
821
822
823
824
825
826
827
828
829
830
831
832
833
834
835
836
837
838
839
840
841
842
843
844
845
846
847
848
849
850
851
852
853
854
855
856
857
858
859
860
861
862
863
864
865
877
887
892
894
897
903
910
913
2632
2633
2634
2635
2636
2637
2638
2639
2848
2849
3128
3129
3130
3131
3132
3133
3134
3135
3136
3137
3138
3139
3140
3141
3142
3143
3144
3145
3146
3147
3148
3149
3150
3151
3152
3153
3154
3155
3156
3157
3158
3159
3160
3161
3162
3163
3164
3165
3166
3167
3168
3169
3170
3171
3172
3173
3174
3175
3176
3177
3180
3189
3192
3195
3198
3201
3206
3216
3217
3248
3249
3250
3251
3252
3253
3254
3255
3256
3257
3258
3259
3260
3261
3262
3263
3264
3265
3266
3267
3268
3269
3270
3271
3272
3273
3274
3275
3276
3277
3278
3279
3280
3281
3282
3283
3284
3285
3286
3287
3288
3289
3290
3291
3292
3293
3294
3295
3296
3297
3298
3299
3300
3301
3302
3303
3304
3305
3306
3307
3308
3309
3310
3311
3312
3313
3314
3315
3316
3317
3318
3319
3320
3321
3322
3323
3324
3325
3326
3327
3328
3329
3330
3331
3332
3333
3334
3335
3336
3337
3338
3339
3340
3341
3342
3343
3344
3345
3346
3347
3348
3349
3350
3351
3352
3353
3354
3355
3356
3357
3358
3359
3360
3361
3362
3363
3364
3365
3366
3367
3368
3369
3370
3371
3372
3373
3374
3375
3376
3377
3380
3385
3397
3398
3401
3404
3407
3416
3422
3429
3431
3440
3445
3446
3475
3476
3478
3480
3482
3485
3488
3491
3508
3509
3540
3541
3542
3543
3544
3545
3546
3547
3548
3549
3550
3551
3552
3553
3554
3555
3556
3557
3558
3559
3560
3561
3562
3563
3564
3565
3566
3567
3568
3569
3570
3571
3572
3573
3574
3575
3576
3577
3578
3579
3580
3581
3582
3583
3584
3585
3586
3587
3588
3589
3590
3591
3592
3593
3594
3595
3596
3597
3598
3599
3600
3601
3602
3603
3604
3605
3606
3607
3608
3609
3610
3611
3612
3613
3614
3615
3616
3617
3618
3619
3620
3621
3622
3623
3624
3625
3626
3627
3628
3629
3630
3631
3632
3633
3634
3635
3636
3637
3638
3639
3640
3641
3642
3643
3644
3645
3646
3647
3648
3649
3650
3651
3652
3653
3654
3655
3656
3657
3658
3659
3660
3661
3662
3663
3664
3665
3666
3667
3668
3669
3671
3672
3673
3674
3675
3676
3677
3678
3679
3680
3682
3684
3685
3686
3687
3688
3689
3690
3691
3692
3693
3694
3695
3696
3698
3699
3700
3701
3702
3703
3704
3705
3706
3707
3708
3709
3710
3711
3712
3713
3714
3716
3717
3718
3719
3720
3721
3722
3723
3724
3725
3726
3727
3728
3729
3730
3731
3732
3733
3734
3735
3736
3739
3740
3741
3742
3743
3744
3745
3746
3747
3748
3749
3750
3751
3752
3753
3754
3755
3756
3757
3758
3759
3760
3761
3762
3763
3766
3767
3768
3769
3770
3771
3772
3773
3774
3775
3776
3777
3778
3779
3780
3781
3782
3783
3784
3785
3786
3787
3788
3789
3790
3791
3792
3793
3794
3795
3797
3798
3799
3801
3803
3804
3805
3806
3807
3808
3809
3810
3811
3812
3813
3814
3815
3816
3817
3818
3819
3820
3821
3822
3823
3824
3825
3826
3827
3828
3829
3830
3831
3832
3833
3834
3836
3838
3839
3840
3841
3842
3843
3844
3845
3846
3847
3848
3849
3850
3851
3852
3853
3854
3855
3856
3857
3858
3859
3860
3861
3862
3865
3866
3867
3868
3869
3870
3873
3876
3877
3878
3879
3880
3881
3882
3883
3884
3885
3886
3887
3888
3889
3890
3891
3892
3893
3894
3895
3896
3897
3898
3899
3900
3901
3902
3904
3905
3906
3907
3908
3912
3913
3914
3916
3918
3920
3921
3922
3923
3924
3925
3926
3927
3928
3929
3930
3931
3933
3935
3936
3937
3938
3939
3940
3941
3942
3943
3946
3947
3948
3950
3952
3955
3956
3957
3958
3959
3960
3961
3962
3963
3964
3965
3966
3967
3971
3975
3978
3979
3980
3981
3982
3983
3985
3986
3987
3988
3989
3990
3991
3992
3995
3997
3998
3999
4000
4001
4002
4004
4005
4006
4007
4008
4009
4010
4011
4012
4013
4014
4015
4016
4017
4018
4019
4020
4021
4022
4023
4024
4025
4026
4027
4028
4029
4030
4031
4032
4033
4034
4035
4036
4037
4038
4039
4040
4041
4042
4043
4044
4045
4046
4047
4048
4049
4050
4051
4052
4053
4054
4055
4056
4057
4058
4059
4060
4061
4062
4063
4064
4065
4066
4067
4068
4069
4070
4071
4072
4073
4074
4075
4076
4077
4078
4079
4080
4081
4082
4083
4084
4085
4086
4087
4088
4089
4090
4091
4092
4093
4094
4095
4096
4097
4098
4099
4100
4101
4102
4103
4104
4105
4106
4107
4108
4109
4110
4111
4112
4115
4116
4117
4118
4119
4120
4121
4122
4124
4125
4127
4128
4129
4130
4131
4132
4134
4138
4139
4140
4141
4142
4143
4144
4145
4146
4147
4150
4151
4152
4153
4154
4155
4156
4157
4162
4163
4164
4165
4166
4167
4168
4169
4170
4175
4176
4177
4178
4179
4180
4181
4182
4183
4184
4185
4186
4188
4189
4190
4191
4192
4193
4194
4195
4196
4197
4198
4199
4200
4201
4202
4203
4204
4205
4206
4207
4208
4209
4210
4211
4212
4213
4214
4217
4219
4220
4221
4222
4223
4224
4225
4227
4228
4229
4231
4233
4235
4237
4241
4243
4244
4246
4252
4257
4263
4265
4267
4270
4271
4275
4276
4280
4281
4283
4285
4297
4299
4300
4301
4306
4307
4312
4313
4314
4318
4319
4321
4323
4326
4327
4330
4332
4334
4336
4340
4342
4346
4347
4348
4349
4351
4353
4355
4357
4358
4359
4362
4368
4369
4370
4372
4374
4377
4379
4381
4386
4389
4391
4392
4394
4395
4397
4404
4406
4407
4408
4413
4414
4421
4422
4426
4427
4428
4429
4432
4434
4437
4438
4439
4440
4445
4446
4448
4455
4456
4458
4461
4462
4464
4465
4466
4467
4468
4472
4482
4485
4487
4493
4495
4497
4499
4500
4502
4515
4516
4518
4519
4520
4523
4524
4525
4527
4532
4543
4546
4549
4550
4552
4556
4559
4560
4563
4564
4565
4569
4572
4573
4574
4577
4580
4581
4583
4584
4588
4591
4595
4596
4599
4600
4601
4603
4608
4610
4611
4612
4621
4623
4629
4633
4635
4638
4643
4646
4652
4653
4656
4659
4661
4664
4665
4667
4671
4673
4675
4676
4679
4681
4682
4684
4685
4686
4690
4692
4693
4694
4697
4698
4699
4700
4720
4721
4732
4734
4735
5596
5597
5816
5817
5818
5819
5820
5821
5822
5823
5824
5825
5826
5827
5835
5837
6668
6669
6670
6671
6672
6673
6674
6675
7988
7989
7996
7997
9768
9769
9770
9771
9772
9773
9774
9775
9776
9777
9778
9779
9780
9781
9782
9783
9784
9785
9786
9787
9788
9789
9790
9791
9792
9793
9794
9795
9796
9797
9798
9799
9800
9801
9802
9803
9804
9805
9806
9807
9808
9809
9810
9811
9812
9813
9814
9815
9816
9817
9851
9858
10260
10261
10262
10263
10264
10265
10266
10267
10268
10269
10270
10271
10272
10273
10274
10275
10276
10277
10278
10279
10280
10281
10282
10283
10284
10285
10286
10287
10288
10289
10290
10291
10292
10293
10294
10295
10296
10297
10298
10299
10300
10301
10302
10303
10304
10305
10306
10307
10308
10309
10310
10311
10312
10313
10314
10315
10316
10317
10318
10319
10320
10321
10322
10323
10324
10325
10326
10327
10328
10329
10330
10331
10332
10333
10334
10335
10336
10337
10338
10339
10340
10341
10342
10343
10344
10345
10346
10347
10348
10349
10350
10351
10352
10353
10354
10355
10356
10357
10358
10359
10360
10361
10362
10363
10364
10365
10366
10367
10368
10369
10370
10371
10372
10373
10374
10375
10376
10377
10378
10379
10380
10381
10382
10383
10384
10385
10386
10387
10388
10389
10395
10406
10420
10426
10428
10431
10432
10439
10440
10443
10444
10459
10464
10473
10481
10494
10504
10509
10510
10511
10512
10514
10515
