32
33
535
536
537
542
545
551
554
692
693
694
695
697
699
701
703
705
707
709
711
713
715
717
832
833
834
835
836
837
838
839
840
841
848
849
850
851
3128
3129
3134
3135
3136
3137
3143
3145
3249
3257
3262
3263
3264
3268
3269
3278
3293
3304
3307
3308
3310
3313
3316
3319
3322
3325
3328
3337
3508
3509
3540
3542
3544
3546
3548
3550
3552
3553
3554
3555
3557
3562
3563
3565
3568
3569
3570
3571
3575
3577
3578
3585
3586
3593
3594
3601
3602
3604
3608
3612
3615
3617
3625
3627
3629
3632
3633
3639
3640
3643
3652
3655
3660
3663
3664
3674
3675
3677
3684
3685
3688
3691
3692
3694
3699
3706
3707
3710
3718
3721
3723
3725
3738
3739
3742
3750
3753
3772
3773
3776
3782
3793
3796
3799
3806
3807
3819
3823
3824
3836
3837
3887
3900
3901
3914
3936
3937
3952
3957
3958
3959
3960
3968
3969
3970
3982
3998
4014
4617
4621
4625
4627
4636
4647
4707
4734
4735
6445
6452
6458
6459
6465
6472
6510
9781
9783
9785
9786
9787
9788
9789
9790
9791
9792
9793
9794
9795
9796
9797
9798
9799
9800
9801
9802
9803
9806
9807
9808
9809
9810
9811
9817
10006
10009
10011
10013
10014
10015
10016
10017
10024
10056
10064
10070
10076
10082
10260
10261
10262
10263
10264
10265
10266
10267
10268
10269
10270
10272
10274
10275
10276
10280
10282
10283
10284
10289
10290
10291
10299
10317
10330
10335
10336
10342
10343
10344
10349
10350
10355
10356
10361
10372
10804
10806
10808
10810
10812
10816
10822
10824
10826
10827
10828
10829
10868
10942
10945
10948
10953
10958
10988
10989
10990
10991
10994
10995
10996
10997
11000
11001
11003
11007
11013
11134
