0
6
10
14
18
26
28
30
32
36
50
56
68
70
76
78
86
108
118
120
128
134
136
140
142
144
148
150
152
156
158
160
164
174
178
188
192
196
200
210
224
226
230
258
260
274
276
286
288
302
304
324
344
346
356
358
378
380
384
394
396
414
416
418
420
422
424
430
438
466
468
470
482
486
490
492
494
496
498
508
514
516
518
520
528
530
532
540
542
544
546
548
550
552
562
564
566
568
570
572
574
576
578
584
586
590
594
596
598
602
606
616
618
622
630
634
638
640
644
646
650
654
660
670
680
682
684
686
688
690
692
696
698
700
702
706
710
712
714
724
732
736
738
740
742
744
746
748
750
752
754
758
766
776
780
786
792
794
796
798
800
802
804
808
814
816
828
832
840
846
848
850
852
854
856
858
860
862
864
866
870
880
884
896
898
904
906
908
910
912
914
918
920
930
934
938
944
948
950
952
954
956
960
962
964
968
970
980
982
988
996
1000
1002
1004
1006
1008
1010
1012
1016
1018
1030
1032
1038
1048
1050
1052
1054
1056
1058
1060
1064
1066
1080
1082
1088
1098
1102
1106
1110
1114
1116
1118
1128
1130
1136
1140
1142
1148
1152
1156
1162
1164
1166
1176
1188
1190
1192
1196
1200
1202
1204
1206
1222
1224
1230
1234
1238
1244
1248
1250
1268
1274
1280
1286
1292
1294
1296
1298
1300
1302
1312
1318
1320
1324
1328
1332
1340
1342
1344
1346
1356
1362
1366
1370
1372
1376
1382
1384
1386
1388
1398
1404
1408
1412
1414
1416
1420
1426
1428
1430
1440
1446
1450
1454
1456
1458
1462
1480
1486
1494
1496
1498
1504
1520
1526
1530
1534
1536
1546
1558
1564
1568
1572
1574
1576
1580
1586
1596
1602
1606
1610
1612
1614
1618
1632
1638
1642
1646
1648
1650
1654
1668
1674
1678
1682
1684
1690
1704
1710
1714
1718
1720
1726
1740
1746
1750
1754
1756
1762
1776
1782
1786
1790
1792
1798
1812
1818
1822
1826
1828
1834
1850
1856
1860
1864
1866
1872
1886
1892
1896
1900
1902
1908
1924
1930
1934
1938
1940
1946
1960
1966
1970
1974
1976
1978
1982
1988
1998
2004
2008
2012
2014
2024
2034
2040
2044
2048
2050
2052
2060
2072
2078
2082
2086
2088
2090
2094
2108
2114
2118
2122
2124
2126
2132
2136
2146
2152
2156
2160
2162
2166
2172
2182
2188
2198
2202
2208
2210
2220
2226
2230
2234
2238
2244
2246
2256
2268
2274
2280
2282
2294
2300
2308
2316
2318
2330
2332
2338
2342
2344
2346
2352
2354
2358
2368
2370
2376
2380
2388
2390
2394
2404
2406
2412
2424
2426
2430
2442
2444
2450
2458
2462
2466
2478
2480
2486
2494
2496
2498
2502
2506
2516
2518
2530
2534
2538
2542
2552
2556
2566
2570
2574
2578
2590
2594
2602
2606
2608
2612
2614
2626
2630
2636
2638
2642
2644
2646
2648
2650
2654
2664
2672
2676
2678
2680
2684
2688
2700
2706
2708
2712
2714
2716
2720
2724
2738
2742
2746
2748
2750
2754
2756
2758
2760
2764
2774
2776
2778
2784
2786
2788
2790
2794
2796
2800
2802
2818
2822
2824
2826
2828
2830
2834
2838
2852
2854
2858
2860
2862
2864
2866
2870
2874
2886
2888
2892
2894
2898
2900
2902
2904
2910
2920
2926
2928
2930
2932
2934
2938
2940
2944
2946
2960
2962
2966
2968
2970
2972
2974
2976
2978
2982
2994
2996
3000
3002
3004
3006
3008
3012
3014
3018
3034
3036
3038
3040
3042
3044
3046
3050
3052
3054
3068
3070
3072
3074
3076
3078
3080
3082
3084
3086
3088
3090
3102
3104
3106
3108
3110
3114
3118
3124
3126
3146
3148
3150
3152
3154
3156
3158
3160
3162
3174
3176
3178
3180
3182
3184
3186
3188
3190
3192
3198
3218
3220
3222
3224
3226
3230
3232
3234
3246
3250
3252
3254
3256
3258
3262
3264
3270
3284
3288
3290
3292
3294
3296
3298
3300
3302
3304
3306
3318
3322
3326
3334
3336
3338
3340
3342
3360
3362
3364
3366
3368
3370
3380
3423
3485
3487
5454
5478
5480
5532
5536
5570
5590
5602
5604
5620
5622
5628
5640
5652
5654
5656
5658
5660
5664
5666
5668
5670
5672
5684
5686
5694
5698
5700
5702
5704
5706
5712
5714
5716
5720
5722
5724
5726
5738
5748
5750
5752
5754
5756
5758
5762
5764
5766
5768
5770
5774
5776
5778
5780
5788
5800
5802
5804
5806
5808
5810
5812
5814
5816
5818
5820
5822
5824
5826
5828
5830
5832
5854
5856
5858
5860
5862
5868
5870
5872
5874
5878
5880
5882
5884
5906
5908
5910
5912
5914
5916
5922
5932
5934
5954
5956
5960
5962
5964
5966
5968
5972
5976
5978
5980
5996
5998
6000
6002
6004
6006
6008
6010
6012
6014
6016
6018
6020
6022
6032
6034
6036
6038
6040
6042
6044
6046
6048
6052
6054
6056
6058
6062
6064
6066
6068
6070
6076
6082
6084
6086
6088
6090
6092
6094
6096
6102
6108
6110
6112
6114
6116
6126
6154
6160
6164
6170
6176
6178
6180
6182
6184
6188
6190
6200
6208
6212
6214
6216
6224
6228
6232
6234
6236
6240
6244
6252
6262
6268
6272
6274
6284
6288
6290
6292
6308
6320
6324
6328
6330
6332
6334
6336
6338
6340
6342
6344
6346
6350
