32
33
34
35
36
37
38
39
40
41
42
43
44
45
46
47
48
49
50
51
52
53
54
55
56
57
58
59
60
61
62
63
66
68
77
78
81
85
89
92
93
1280
1281
1283
2448
2449
2450
2451
2452
2453
2454
2455
2456
2458
2459
2463
2608
2609
2620
2621
2622
2640
2641
2642
3840
3841
3842
3843
3844
3845
3846
3847
3848
3849
3850
3851
3859
3861
3916
3917
3918
3919
3920
3921
3922
3923
3924
3925
3926
3927
3928
3929
3930
3931
3932
3933
3934
3935
3936
3937
3938
3939
3940
3941
3942
3943
3944
3945
3946
3947
3949
3950
3951
3952
3955
3966
3970
3973
3976
3977
4028
4029
4032
4033
4034
4035
4036
4037
4038
4039
4040
4041
4042
4043
4044
4045
4046
4047
4048
4049
4050
4051
4052
4053
4054
4055
4056
4057
4058
4059
4060
4061
4062
4063
4064
4065
4066
4067
4068
4069
4070
4071
4072
4073
4074
4075
4076
4077
4078
4079
4080
4081
4082
4083
4084
4085
4086
4087
4088
4089
4090
4091
4092
4093
4094
4095
4096
4097
4098
4099
4100
4101
4102
4103
4104
4105
4106
4107
4108
4109
4110
4111
4112
4113
4114
4115
4116
4117
4118
4119
4120
4121
4122
4123
4124
4125
4126
4127
4128
4129
4130
4131
4132
4133
4134
4135
4136
4137
4138
4139
4140
4141
4142
4143
4144
4145
4146
4147
4148
4149
4150
4151
4152
4153
4154
4155
4156
4157
4158
4159
4160
4161
4162
4163
4164
4165
4166
4167
4168
4169
4170
4171
4172
4173
4174
4175
4176
4177
4178
4179
4180
4181
4182
4183
4184
4185
4186
4187
4188
4189
4190
4191
4192
4193
4194
4195
4196
4197
4198
4199
4200
4201
4202
4203
4204
4205
4206
4207
4208
4209
4210
4211
4212
4213
4214
4215
4216
4217
4218
4219
4220
4221
4222
4223
4224
4225
4226
4227
4228
4229
4230
4231
4232
4233
4234
4235
4236
4237
4238
4239
4240
4241
4242
4243
4244
4245
4246
4247
4248
4249
4250
4251
4252
4253
4254
4255
4256
4257
4258
4259
4260
4261
4262
4263
4264
4265
4266
4267
4268
4269
4270
4271
4272
4273
4274
4275
4276
4277
4278
4279
4281
4282
4283
4284
4285
4286
4287
4288
4289
4290
4291
4292
4293
4294
4295
4296
4297
4298
4299
4300
4301
4302
4303
4305
4306
4307
4308
4309
4310
4311
4312
4313
4314
4315
4316
4318
4319
4320
4321
4322
4323
4324
4325
4326
4327
4328
4329
4330
4331
4332
4334
4335
4336
4337
4338
4339
4340
4341
4342
4343
4345
4346
4348
4349
4350
4351
4352
4353
4354
4355
4356
4357
4359
4360
4362
4363
4364
4365
4366
4367
4368
4369
4370
4372
4373
4375
4376
4377
4378
4379
4380
4381
4382
4383
4384
4385
4387
4388
4390
4391
4392
4393
4394
4395
4396
4397
4398
4399
4400
4402
4403
4405
4406
4407
4408
4409
4410
4411
4412
4413
4414
4415
4416
4417
4418
4420
4421
4423
4424
4425
4426
4427
4428
4429
4430
4431
4432
4433
4434
4438
4439
4441
4442
4443
4445
4446
4447
4448
4449
4450
4451
4453
4454
4456
4457
4458
4459
4461
4462
4463
4464
4465
4466
4468
4469
4470
4472
4473
4474
4475
4476
4477
4478
4479
4481
4482
4483
4484
4486
4487
4488
4489
4490
4491
4492
4493
4494
4495
4496
4497
4498
4499
4500
4501
4502
4503
4504
4505
4506
4510
4511
4512
4513
4514
4515
4516
4517
4518
4519
4522
4523
4524
4525
4526
4527
4528
4529
4530
4531
4533
4534
4537
4538
4539
4540
4541
4542
4543
4544
4545
4546
4547
4548
4549
4550
4551
4552
4553
4554
4555
4558
4559
4560
4561
4562
4563
4564
4565
4566
4569
4570
4571
4572
4573
4574
4575
4576
4577
4578
4579
4580
4582
4583
4584
4585
4586
4587
4588
4589
4590
4591
4592
4593
4594
4595
4596
4597
4598
4599
4601
4602
4603
4604
4606
4607
4608
4609
4610
4612
4613
4614
4615
4617
4618
4619
4620
4621
4625
4630
4631
4632
4635
4642
4643
4644
4646
4652
4654
4655
4656
4659
4660
4663
4666
4671
4674
4675
4679
4680
4682
4685
4686
4691
4696
4698
4699
4700
4701
4702
4703
4705
4708
4715
4717
4719
4720
4722
4727
4729
4732
4735
4737
4739
4742
4744
4748
4752
4753
4754
4755
4758
4760
4761
4765
4769
4770
4771
4777
4778
4782
4783
4792
4794
4795
4797
4807
4818
4819
4820
4821
4824
4827
4831
4832
4841
4852
4855
4856
4857
4858
4861
4863
4867
4869
4874
4875
4877
4888
4898
4899
4900
4901
4904
4906
4908
4910
4911
4917
4920
4923
4929
4933
4935
4939
4940
4943
4944
4952
4953
4955
4956
4961
4963
4965
4966
4968
4969
4974
4975
4976
4980
4982
4987
4988
4992
4997
5001
5007
5009
5010
5012
5013
5015
5020
5029
5031
5038
5041
5042
5044
5046
5047
5048
5050
5052
5057
5060
5063
5079
5080
5081
5082
5083
5087
5092
5096
5097
5098
5099
5100
5101
5102
5103
5104
5106
5107
5111
5216
5217
5218
5219
5220
5221
5222
5223
5224
5225
5226
5227
5232
5234
5256
5257
5258
5259
5260
5261
5262
5263
5264
5265
5266
5267
5272
5274
5275
5277
5292
5293
5294
5295
5296
5297
5298
5299
5300
5301
5302
5303
5306
5311
5312
5313
