32
33
34
38
59
1281
2451
2453
2454
2455
2572
2573
2588
2591
2640
2641
3840
3841
3844
3848
3895
3899
3916
3917
3918
3922
3938
3943
4028
4029
4032
4034
4035
4038
4039
4041
4047
4048
4050
4053
4057
4058
4061
4071
4077
4091
4100
4101
4103
4105
4118
4123
4141
4156
4160
4177
4188
4189
4197
4211
4226
4227
4233
4247
4249
4254
4269
4272
4285
4297
4308
4312
4323
4324
4330
4335
4338
4339
4340
4360
4369
4377
4379
4383
4395
4396
4397
4411
4416
4428
4433
4438
4441
4445
4458
4477
4493
5219
5223
5240
5256
5257
5292
5293
5296
5297
5300
5301
