190
214
244
288
306
314
326
328
334
338
342
354
358
362
372
386
396
416
450
454
464
468
504
520
540
554
568
574
612
620
626
630
666
684
730
740
768
786
788
792
798
824
844
846
850
862
888
892
898
922
926
946
950
954
966
976
990
992
998
1000
1010
1018
1020
1038
1046
1052
1054
1074
1098
1100
1102
1110
1112
1124
1140
1144
1146
1152
1162
1164
1168
1184
1190
1200
1202
1208
1218
1234
1244
1246
1248
1250
1256
1258
1264
1286
1288
1294
1296
1298
1300
1302
1304
1320
1322
1326
1328
1340
1342
1344
1346
1352
1362
1368
1372
1376
1380
1382
1386
1388
1394
1414
1418
1422
1432
1450
1454
1456
1458
1466
1470
1476
1492
1496
1516
1528
1534
1536
1540
1544
1546
1550
1554
1570
1574
1576
1580
1592
1604
1606
1610
1612
1616
1622
1624
1648
1650
1654
1658
1664
1674
1680
1682
1684
1686
1690
1692
1700
1714
1720
1724
1734
1744
1752
1756
1758
1762
1768
1772
1786
1790
1792
1796
1800
1808
1824
1828
1830
1834
1838
1842
1858
1866
1872
1882
1900
1902
1904
1912
1914
1920
1930
1934
1936
1940
1942
1944
1946
1948
1950
1954
1956
1970
1976
1980
1994
2010
2012
2014
2018
2026
2030
2046
2048
2050
2058
2060
2062
2068
2080
2088
2090
2092
2096
2104
2116
2124
2126
2132
2136
2138
2142
2156
2158
2160
2162
2170
2178
2186
2194
2198
2200
2202
2204
2208
2210
2214
2216
2228
2234
2236
2238
2242
2244
2246
2252
2264
2268
2276
2278
2282
2286
2290
2304
2306
2310
2314
2316
2318
2320
2324
2326
2336
2342
2344
2348
2352
2354
2356
2364
2376
2390
2394
2396
2400
2412
2416
2418
2420
2422
2424
2426
2430
2438
2454
2456
2458
2460
2462
2464
2468
2474
2484
2490
2494
2498
2500
2502
2506
2508
2512
2526
2528
2534
2542
2546
2548
2560
2566
2568
2570
2574
2576
2586
2596
2604
2606
2608
2610
2612
2618
2622
2630
2634
2636
2638
2640
2642
2644
2650
2658
2660
2668
2676
2678
2684
2696
2704
2708
2710
2712
2714
2716
2718
2722
2726
2730
2734
2742
2746
2750
2752
2756
2770
2776
2778
2780
2782
2784
2786
2788
2790
2794
2798
2804
2808
2812
2814
2816
2818
2822
2824
2826
2828
2834
2844
2856
2858
2882
2886
2888
2890
2892
2894
2896
2898
2900
2902
2918
2920
2922
2926
2930
2932
2936
2950
2952
2956
2958
2960
2962
2964
2966
2970
2972
2974
2976
2986
2992
2994
2998
3000
3002
3004
3006
3008
3022
3024
3026
3028
3032
3036
3038
3042
3044
3046
3048
3058
3064
3068
3070
3072
3074
3076
3078
3094
3098
3100
3102
3104
3106
3108
3110
3112
3114
3116
3122
3130
3132
3136
3138
3140
3142
3144
3146
3150
3154
3156
3166
3174
3176
3178
3182
3184
3186
3188
3194
3202
3204
3210
3214
3216
3218
3220
3222
3224
3228
3238
3240
3242
3244
3248
3252
3254
3256
3262
3274
3278
3280
3284
3286
3288
3290
3292
3294
3296
3298
3318
3322
3324
3326
3330
3336
3338
3346
3348
3350
3354
3358
3360
3362
3364
3366
3372
3384
3459
3467
3631
3649
3799
3975
3977
3981
4031
4215
4738
5024
5032
5304
5452
5454
5536
5576
5578
5590
5598
5600
5602
5604
5622
5624
5626
5628
5640
5648
5652
5654
5668
5670
5672
5674
5676
5686
5696
5698
5700
5720
5722
5724
5726
5728
5730
5748
5750
5752
5768
5774
5776
5778
5780
5798
5800
5802
5830
5832
5834
5836
5852
5854
5856
5882
5884
5886
5888
5904
5906
5908
5932
5934
5936
5938
5950
5952
5954
5956
5978
5980
5984
5992
5996
5998
6020
6022
6024
6026
6028
6032
6034
6056
6058
6060
6062
6064
6086
6088
6090
