300
301
302
303
304
305
306
307
408
409
410
411
412
413
414
415
416
417
418
419
452
453
496
497
498
499
500
501
502
503
504
505
506
507
824
825
826
827
828
829
830
831
832
833
834
835
872
873
874
875
876
877
878
879
888
889
890
891
892
893
894
895
904
905
906
1016
1017
1018
1108
1109
1110
1111
1112
1113
1114
1115
1200
1201
1202
1203
1204
1205
1206
1207
1208
1209
1210
1211
1212
1213
1214
1215
1216
1217
1218
1219
1220
1221
1222
1223
1224
1225
1226
1229
1232
1234
1237
1238
1240
1242
1243
1245
1247
1249
1251
1253
1255
1257
1258
1259
1260
1261
1263
1265
1266
1267
1271
1272
1276
1280
1282
1285
1287
1288
1289
1290
1291
1292
1293
1294
1295
1296
1297
1298
1299
1300
1301
1302
1303
1306
1310
1320
1321
1408
1409
1428
1429
1430
1431
1432
1433
1434
1435
1436
1437
1438
1439
1488
1489
1490
1491
1492
1493
1494
1495
1496
1497
1498
1499
1500
1501
1502
1503
1513
