24
25
26
27
28
29
30
31
32
33
34
35
36
37
38
39
40
41
42
43
44
45
46
47
48
49
50
51
52
53
54
55
56
57
58
59
60
61
62
63
64
65
66
67
68
69
70
71
72
73
74
75
76
77
78
79
80
81
82
83
84
85
86
87
88
89
90
91
92
93
94
95
96
97
98
99
100
101
102
103
104
105
106
107
108
109
110
111
112
113
114
115
116
117
118
119
120
121
122
123
124
125
126
127
128
129
130
131
132
133
134
135
136
137
138
139
140
141
142
143
144
145
146
147
148
149
150
151
152
153
154
155
156
157
158
159
160
161
162
163
164
165
166
167
168
169
170
171
172
173
174
175
176
177
178
179
180
181
182
183
184
185
186
187
188
189
190
191
192
193
194
200
201
209
213
214
215
219
220
227
228
230
231
232
233
244
254
260
261
264
268
270
271
272
273
274
277
280
281
285
286
287
290
300
301
311
312
313
316
319
327
331
339
348
350
352
357
514
515
1614
1615
1618
1619
1620
1621
1622
1623
1624
1625
1626
1627
1628
1629
1630
1631
1632
1633
1634
1635
1636
1637
1638
1639
1640
1641
1642
1643
1644
1645
1646
1647
1648
1649
1650
1651
1652
1653
1654
1655
1656
1657
1658
1659
1660
1661
1662
1663
1664
1665
1666
1667
1668
1669
1670
1671
1672
1673
1674
1675
1676
1677
1678
1679
1680
1681
1682
1683
1684
1685
1686
1687
1688
1689
1690
1691
1692
1693
1694
1695
1696
1697
1698
1699
1700
1701
1702
1703
1704
1705
1706
1707
1708
1709
1710
1711
1712
1713
1714
1715
1716
1717
1718
1719
1720
1721
1722
1723
1724
1725
1726
1727
1728
1729
1730
1731
1732
1733
1734
1735
1736
1737
1738
1739
1740
1741
1742
1743
1744
1745
1746
1747
1748
1749
1750
1751
1752
1753
1754
1755
1756
1757
1758
1759
1760
1761
1762
1763
1764
1765
1766
1767
1768
1769
1770
1771
1772
1773
1774
1776
1788
1789
1791
1793
1795
1798
1799
1807
1811
1819
1820
1827
1828
1829
1831
1837
1838
1840
1843
1844
1846
1851
1853
1856
1857
1858
1863
1866
1867
1872
1873
1879
1880
1882
1884
1887
1888
1889
1890
1891
1892
1896
1901
1902
1903
1904
1907
1911
1912
1914
1915
1916
1918
1920
1921
1923
1927
1930
1931
1932
1933
1934
1935
1936
1937
1938
1939
1940
1941
1942
1943
1944
1945
1946
1947
1948
1949
1950
1951
1952
1953
1954
1955
1956
1957
1958
1959
1960
1961
1962
1963
1964
1965
1966
1967
1968
1969
1970
1971
1972
1973
1974
1975
1976
1977
1978
1979
1980
1981
1982
1983
1984
1985
1986
1987
1988
1989
1990
1991
1992
1994
1995
1996
1997
1998
1999
2000
2001
2002
2003
2004
2005
2006
2007
2008
2009
2010
2011
2012
2014
2015
2016
2017
2018
2019
2020
2021
2022
2023
2024
2025
2026
2027
2028
2029
2030
2031
2032
2033
2034
2035
2036
2037
2038
2039
2040
2041
2042
2043
2044
2045
2046
2047
2048
2049
2050
2051
2052
2053
2054
2055
2056
2058
2059
2060
2061
2062
2063
2064
2065
2067
2068
2069
2070
2071
2072
2073
2075
2076
2077
2078
2079
2080
2081
2083
2084
2085
2086
2087
2088
2089
2091
2092
2093
2094
2095
2096
2097
2098
2100
2101
2102
2103
2104
2105
2106
2108
2109
2110
2111
2112
2113
2114
2115
2117
2118
2119
2120
2121
2122
2123
2125
2126
2127
2128
2129
2130
2131
2132
2133
2134
2135
2136
2137
2138
2139
2141
2142
2143
2144
2145
2146
2147
2149
2150
2151
2152
2153
2154
2155
2157
2158
2159
2160
2161
2162
2163
2165
2166
2167
2168
2169
2170
2171
2172
2173
2174
2175
2176
2177
2178
2179
2180
2181
2182
2183
2184
2185
2186
2187
2188
2189
2190
2191
2192
2193
2194
2195
2196
2197
2198
2199
2200
2201
2202
2203
2204
2205
2206
2207
2208
2209
2210
2211
2212
2213
2214
2215
2216
2217
2218
2219
2220
2221
2222
2223
2224
2225
2226
2227
2228
2229
2230
2231
2232
2233
2234
2235
2236
2237
2238
2239
2240
2241
2242
2243
2244
2245
2246
2247
2248
2249
2250
2251
2252
2253
2254
2255
2256
2257
2258
2259
2260
2261
2262
2263
2264
2265
2266
2267
2268
2269
2270
2271
2272
2273
2274
2275
2276
2277
2278
2279
2280
2281
2282
2283
2284
2285
2286
2287
2288
2289
2290
2291
2292
2293
2294
2295
2296
2297
2298
2299
2300
2301
2302
2303
2304
2305
2306
2307
2308
2309
2310
2311
2312
2313
2314
2315
2316
2317
2318
2319
2320
2321
2322
2323
2324
2325
2326
2327
2328
2329
2330
2331
2332
2333
2334
2335
2336
2337
2338
2339
2340
2341
2342
2343
2344
2345
2346
2347
2348
2349
2350
2351
2352
2353
2354
2355
2356
2357
2358
2359
2360
2361
2362
2363
2364
2365
2366
2367
2368
2369
2370
2371
2372
2373
2374
2375
2376
2377
2378
2379
2380
2381
2382
2383
2384
2385
2386
2387
2388
2389
2390
2391
2392
2393
2394
2395
2396
2397
2398
2399
2400
2401
2402
2403
2404
2405
2406
2407
2408
2409
2410
2411
2412
2413
2414
2415
2416
2417
2418
2419
2420
2421
2422
2423
2424
2425
2426
2427
2428
2429
2430
2431
2432
2433
2434
2435
2436
2437
2438
2439
2440
2441
2442
2443
2444
2445
2446
2447
2448
2449
2450
2451
2452
2453
2454
2455
2456
2457
2458
2459
2460
2461
2462
2463
2464
2465
2466
2467
2468
2469
2470
2471
2472
2473
2474
2475
2476
2477
2478
2479
2480
2481
2482
2483
2484
2485
2486
2487
2488
2489
2490
2491
2492
2493
2494
2495
2496
2497
2498
2499
2500
2501
2502
2503
2504
2505
2506
2507
2508
2509
2510
2511
2512
2513
2514
2515
2516
2517
2518
2519
2520
2521
2522
2523
2524
2525
2526
2527
2528
2529
2530
2531
2532
2533
2534
2535
2536
2537
2538
2539
2540
2541
2542
2543
2544
2545
2546
2547
2548
2549
2550
2551
2552
2553
2554
2555
2556
2557
2558
2559
2560
2561
2562
2563
2564
2565
2566
2567
2568
2569
2570
2571
2572
2573
2574
2575
2576
2577
2578
2579
2580
2581
2582
2583
2584
2585
2586
2587
2588
2589
2590
2591
2592
2593
2594
2595
2596
2597
2598
2599
2600
2601
2602
2603
2604
2605
2606
2607
2608
2609
2610
2611
2612
2613
2614
2615
2616
2617
2618
2619
2620
2621
2622
2623
2624
2625
2626
2627
2628
2629
2630
2631
2632
2633
2634
2635
2636
2637
2638
2639
2640
2641
2642
2643
2644
2645
2646
2647
2648
2649
2650
2651
2652
2653
2654
2655
2656
2657
2658
2659
2660
2661
2662
2663
2664
2665
2666
2667
2668
2669
2670
2671
2672
2673
2674
2675
2676
2677
2678
2679
2680
2681
2682
2683
2684
2685
2686
2687
2688
2689
2690
2691
2692
2693
2694
2695
2696
2697
2698
2699
2700
2701
2702
2703
2704
2705
2706
2707
2708
2709
2710
2711
2712
2713
2714
2715
2716
2717
2718
2719
2720
2721
2722
2723
2724
2725
2726
2727
2728
2729
2730
2731
2732
2733
2734
2735
2736
2737
2738
2739
2740
2741
2742
2743
2744
2745
2746
2747
2748
2749
2750
2751
2752
2753
2754
2755
2756
2757
2758
2759
2760
2761
2762
2763
2764
2765
2766
2767
2768
2769
2770
2771
2772
2773
2774
2775
2776
2777
2778
2779
2780
2781
2782
2783
2784
2785
2786
2787
2788
2789
2791
2792
2793
2794
2795
2796
2797
2798
2800
2801
2802
2803
2804
2805
2806
2808
2809
2810
2812
2813
2814
2815
2816
2817
2818
2819
2821
2822
2823
2824
2825
2826
2827
2829
2830
2831
2832
2833
2834
2835
2836
2837
2839
2840
2841
2842
2843
2844
2845
2846
2847
2848
2849
2850
2851
2852
2853
2855
2856
2857
2858
2859
2860
2861
2862
2864
2865
2866
2867
2868
2869
2870
2872
2873
2874
2875
2876
2877
2878
2879
2881
2882
2883
2884
2885
2886
2887
2889
2890
2891
2892
2893
2894
2895
2896
2897
2898
2899
2900
2901
2902
2903
2904
2905
2906
2907
2908
2909
2910
2911
2913
2914
2915
2916
2917
2918
2919
2920
2921
2922
2923
2924
2925
2926
2927
2928
2929
2930
2931
2932
2933
2934
2935
2936
2937
2938
2939
2940
2941
2942
2943
2944
2945
2946
2947
2948
2949
2950
2951
2952
2953
2954
2955
2956
2957
2958
2959
2960
2961
2962
2963
2964
2965
2966
2967
2968
2969
2970
2971
2972
2973
2974
2976
2980
2981
2984
2985
2988
2991
2993
2996
2997
2998
3005
3010
3012
3014
3017
3019
3020
3022
3024
3027
3028
3029
3031
3033
3036
3038
3043
3051
3052
3053
3054
3056
3059
3060
3062
3075
3090
3093
3094
3095
3096
3100
3101
3103
3104
3105
3106
3107
3108
3109
3110
3111
3114
3115
3116
3124
3125
3127
3128
3129
3132
3134
3141
3142
3144
3145
3146
3148
3152
3154
3158
3160
3162
3166
3167
3168
3171
3173
3175
3176
3177
3178
3180
3181
3186
3189
3191
3197
3198
3199
3202
3205
3206
3207
3209
3210
3212
3213
3214
3216
3218
3219
3220
3225
3227
3228
3230
3233
3236
3237
3241
3245
3246
3250
3251
3254
3255
3256
3259
3262
3266
3267
3268
3270
3271
3275
3279
3281
3283
3286
3290
3293
3295
3300
3301
3302
3303
3304
3307
3309
3312
3313
3316
3317
3318
3319
3320
3322
3324
3326
3327
3329
3330
3331
3332
3336
3337
3341
3343
3345
3350
3351
3353
3354
3355
3356
3361
3363
3364
3365
3367
3372
3373
3374
3376
3377
3381
3382
3383
3385
3386
3388
3389
3392
3393
3394
3396
3397
3398
3399
3403
3404
3405
3416
3418
3419
3421
3422
3424
3426
3428
3429
3430
3434
3435
3436
3439
3441
3444
3445
3448
3451
3454
3455
3456
3458
3462
3466
3468
3473
3474
3475
3478
3479
3480
3482
3486
3487
3488
3489
3493
3496
3500
3507
3509
3511
3512
3514
3516
3520
3524
3525
3526
3528
3529
3530
3534
3536
3537
3538
3540
3541
3546
3547
3549
3555
3557
3558
3559
3561
3562
3568
3569
3570
3572
3577
3578
3584
3585
3587
3591
3599
3604
3605
3607
3609
3610
3611
3612
3613
3614
3615
3618
3619
3623
3639
3640
3641
3646
3650
3653
3654
3655
3656
3660
3661
3662
3669
3672
3678
3679
3680
3686
3688
3690
3693
3698
3700
3701
3702
3703
3704
3705
3706
3707
3709
3710
3712
3715
3720
3721
3722
3724
3725
3726
3729
3731
3732
3733
3736
3738
3740
3741
3744
3748
3750
3751
3754
3756
3758
3761
3762
3765
3766
3767
3768
3771
3775
3776
3778
3779
3781
3782
3789
3791
3793
3794
3795
3796
3799
3800
3802
3804
3810
3811
3817
3818
3824
3830
3831
3832
3839
3845
3847
3848
3849
3855
3856
3857
3859
3860
3866
3869
3873
3875
3877
3878
3884
3886
3896
3897
3902
3904
3905
3906
3908
3909
3910
3913
3916
3917
3921
3924
3926
3927
3928
3933
3935
3936
4974
4975
4976
4977
4978
4979
4980
4981
4982
4983
4984
4985
5170
5171
5190
5191
5192
5193
5194
5195
5196
5197
5198
5199
5200
5201
5202
5203
5204
5205
5206
5207
5208
5209
5210
5211
5212
5213
5214
5215
5216
5217
5218
5219
5220
5221
5222
5223
5224
5225
5226
5227
5228
5229
5230
5231
5232
5233
5234
5235
5236
5237
5238
5239
5240
5241
5242
5243
5244
5245
5246
5247
5248
5249
5250
5251
5252
5253
5254
5255
5256
5257
5258
5259
5260
5261
5263
5264
5268
5269
5275
5320
5323
5327
5334
5335
5674
5675
5676
5677
5678
5679
5680
5681
6166
6167
6168
6169
6170
6171
6172
6173
6174
6175
6176
6177
6178
6179
6180
6181
6182
6183
6184
6185
6186
6187
6188
6189
6190
6191
6192
6193
6194
6195
6196
6197
6198
6199
6200
6201
6202
6203
6204
6205
6206
6207
6208
6209
6210
6211
6212
6213
6214
6215
6216
6217
6218
6219
6220
6221
6222
6223
6224
6225
6226
6227
6228
6229
6230
6231
6232
6233
6234
6235
6236
6237
6238
6239
6240
6241
6242
6243
6244
6245
6246
6247
6248
6249
6250
6251
6252
6253
6254
6255
6256
6257
6258
6259
6260
6261
6262
6263
6264
6265
6266
6267
6268
6269
6270
6271
6272
6273
6274
6275
6276
6277
6278
6279
6280
6281
6282
6283
6284
6285
6286
6287
6288
6289
6290
6291
6292
6293
6294
6295
6296
6297
6298
6299
6300
6301
6302
6303
6304
6305
6306
6307
6308
6309
6310
6311
6312
6313
6314
6315
6316
6317
6318
6319
6320
6321
6322
6323
6324
6325
6326
6327
6328
6329
6330
6331
6332
6333
6334
6335
6336
6337
6339
6342
6344
6347
6351
6355
6359
6360
6365
6380
6387
6396
6398
6411
6413
6414
6417
6418
6419
6420
6422
6423
6424
6431
6433
6434
6456
6460
6464
6468
6474
6482
6488
6496
6501
6505
10992
10993
10994
10995
10996
10997
10998
10999
11008
11009
11010
11011
11012
11013
11014
11015
11016
11017
11018
11019
11020
11021
11022
11023
11024
11025
11026
11027
11028
11029
11030
11031
11032
11033
11034
11035
11036
11037
11038
11039
11040
11041
11042
11043
11044
11045
11046
11047
11048
11049
11050
11051
11052
11053
11054
11055
11056
11057
11058
11059
11060
11061
11062
11063
11064
11065
11066
11067
11068
11069
11070
11071
11072
11073
11074
11075
11076
11077
11078
11079
11080
11081
11082
11083
11084
11085
11086
11087
11088
11089
11090
11091
11092
11093
11094
11095
11096
11097
11098
11099
11100
11101
11102
11103
11104
11105
11106
11107
11108
11109
11110
11111
11112
11113
11114
11115
11116
11117
11118
11119
11120
11121
11122
11123
11124
11125
11126
11127
11128
11129
11130
11131
11132
11133
11134
11135
11136
11137
11138
11139
11140
11141
11142
11143
11144
11145
11146
11147
11148
11149
11150
11151
11152
11153
11154
11155
11156
11157
11158
11159
11160
11161
11162
11163
11164
11165
11166
11167
11168
11169
11170
11171
11172
11173
11174
11175
11176
11177
11178
11180
11181
11184
11191
11200
11202
11206
11208
11212
11214
11216
11218
11220
11224
11234
11236
11237
11239
11241
11244
11248
11254
11259
11264
11272
11282
11288
11291
11294
11296
11299
11303
11306
11307
11310
11312
11315
11323
11328
11332
11338
11341
11342
11343
11345
11346
11349
11350
11351
11352
11353
11354
11355
11356
11357
11358
11359
11360
11361
11362
11363
11364
11365
11366
11367
11368
11369
11370
11371
11372
11373
11374
11375
11376
11377
11378
11379
11380
11381
11382
11383
11384
11385
11386
11387
11388
11389
11390
11391
11392
11393
11394
11395
11396
11397
11398
11399
11400
11401
11402
11403
11404
11405
11406
11407
11408
11409
11410
11411
11412
11413
11414
11415
11416
11417
11418
11419
11439
11441
11461
11470
11472
11484
11487
11502
11503
11504
11505
11506
11507
11508
11509
11510
11511
11512
11513
11514
11515
11516
11517
11518
11519
11520
11521
11522
11523
11524
11525
11526
11527
11528
11529
11530
11531
11532
11533
11534
11535
11536
11537
11538
11539
11540
11541
11542
11543
11544
11545
11546
11547
11548
11549
11550
11551
11552
11553
11554
11555
11556
11557
11558
11559
11560
11561
11562
11563
11564
11565
11566
11567
11568
11569
11570
11571
11572
11573
12000
12001
12002
12003
12004
12005
12006
12007
12008
12009
12010
12011
12012
12013
12014
12015
12016
12017
12018
12019
12020
12021
12022
12023
12024
12025
12026
12027
12028
12029
12030
12031
12032
12033
12034
12035
12036
12037
12038
12039
12040
12041
12042
12043
12044
12045
12046
12047
12048
12049
12050
12051
12052
12053
12054
12055
12056
12057
12058
12059
12060
12061
12062
12064
12065
12066
12067
12068
12069
12070
12071
12072
12073
12074
12075
12076
12077
12078
12079
12080
12081
12082
12084
12085
12086
12087
12088
12089
12090
12091
12092
12093
12094
12095
12096
12097
12098
12099
12100
12101
12102
12103
12104
12105
12106
12107
12108
12109
12110
12111
12112
12113
12114
12115
12116
12117
12119
12120
12121
12122
12123
12124
12125
12126
12128
12129
12130
12131
12132
12133
12134
12135
12137
12138
12139
12140
12141
12142
12143
12145
12146
12147
12148
12149
12150
12151
12153
12154
12155
12156
12157
12158
12159
12160
12161
12162
12163
12164
12165
12166
12167
12168
12170
12171
12172
12173
12174
12175
12176
12178
12179
12180
12181
12182
12183
12184
12185
12186
12187
12188
12189
12190
12191
12192
12193
12195
12196
12197
12198
12199
12200
12201
12202
12203
12204
12205
12206
12207
12208
12209
12210
12211
12212
12213
12214
12215
12216
12217
12219
12220
12221
12222
12223
12224
12225
12227
12228
12229
12230
12231
12232
12233
12234
12235
12236
12237
12238
12239
12240
12241
12242
12243
12244
12245
12246
12247
12248
12249
12250
12251
12252
12253
12254
12255
12256
12257
12258
12259
12260
12261
12262
12263
12264
12265
12266
12267
12268
12269
12270
12271
12272
12273
12274
12275
12276
12277
12278
12279
12280
12281
12282
12283
12284
12285
12286
12287
12288
12289
12290
12291
12292
12293
12294
12295
12296
12297
12298
12299
12300
12301
12302
12303
12304
12305
12306
12307
12308
12309
12310
12311
12312
12313
12314
12315
12316
12317
12318
12319
12320
12321
12322
12323
12324
12325
12326
12327
12328
12329
12330
12331
12332
12333
12334
12335
12336
12337
12338
12339
12340
12341
12342
12343
12344
12345
12346
12347
12348
12349
12350
12351
12352
12353
12354
12355
12356
12357
12358
12359
12360
12361
12362
12363
12364
12365
12366
12367
12368
12369
12370
12371
12372
12373
12374
12375
12376
12377
12378
12379
12380
12381
12382
12383
12384
12385
12386
12387
12388
12389
12390
12391
12392
12393
12394
12395
12396
12397
12398
12399
12400
12401
12402
12403
12404
12405
12406
12407
12408
12409
12410
12411
12412
12413
12414
12415
12416
12417
12418
12419
12420
12421
12422
12423
12424
12425
12426
12427
12428
12429
12430
12431
12432
12433
12434
12435
12436
12437
12438
12439
12440
12441
12442
12443
12444
12445
12446
12447
12448
12449
12450
12451
12452
12453
12454
12455
12456
12457
12458
12459
12460
12461
12462
12463
12464
12465
12466
12467
12468
12469
12470
12471
12472
12473
12474
12475
12476
12477
12478
12479
12480
12481
12482
12483
12484
12485
12486
12487
12488
12489
12490
12491
12492
12493
12494
12495
12496
12497
12498
12499
12500
12501
12502
12503
12504
12505
12506
12507
12508
12509
12510
12511
12512
12513
12514
12515
12516
12517
12518
12519
12520
12521
12522
12523
12524
12525
12526
12527
12528
12529
12530
12531
12532
12533
12534
12535
12536
12537
12538
12539
12540
12541
12542
12543
12544
12545
12546
12547
12548
12549
12550
12551
12552
12553
12554
12555
12556
12557
12558
12559
12560
12561
12562
12563
12564
12565
12566
12567
12568
12569
12570
12571
12572
12573
12574
12575
12576
12577
12578
12579
12580
12581
12582
12583
12584
12585
12586
12587
12588
12589
12590
12591
12592
12593
12594
12595
12596
12597
12598
12599
12600
12601
12602
12603
12604
12605
12606
12607
12608
12609
12610
12611
12612
12613
12614
12615
12616
12617
12618
12619
12620
12621
12622
12623
12624
12625
12626
12627
12628
12629
12630
12631
12632
12633
12634
12635
12636
12637
12638
12639
12640
12641
12642
12643
12644
12645
12646
12647
12648
12649
12650
12651
12652
12653
12654
12655
12656
12657
12658
12659
12660
12661
12662
12663
12664
12665
12666
12667
12668
12669
12670
12671
12672
12673
12674
12675
12676
12677
12678
12679
12680
12681
12682
12683
12684
12685
12686
12687
12688
12689
12690
12691
12692
12693
12694
12695
12696
12697
12698
12699
12700
12701
12702
12703
12704
12705
12706
12707
12708
12709
12710
12711
12712
12713
12714
12715
12716
12717
12718
12719
12720
12721
12722
12723
12724
12725
12726
12727
12728
12729
12730
12731
12732
12733
12734
12735
12736
12737
12738
12739
12740
12741
12742
12743
12744
12745
12746
12747
12748
12749
12750
12751
12752
12753
12754
12755
12756
12757
12758
12759
12760
12761
12762
12763
12764
12765
12766
12767
12768
12769
12770
12771
12772
12773
12774
12775
12776
12777
12778
12779
12780
12781
12782
12783
12784
12785
12786
12787
12788
12789
12790
12791
12792
12793
12794
12795
12796
12797
12798
12799
12800
12801
12802
12803
12804
12805
12806
12807
12808
12809
12810
12811
12812
12813
12814
12815
12816
12817
12818
12819
12820
12821
12822
12823
12824
12825
12826
12827
12828
12829
12830
12831
12832
12833
12834
12835
12836
12837
12838
12839
12840
12841
12842
12843
12844
12845
12846
12847
12848
12849
12850
12851
12852
12853
12854
12855
12856
12857
12858
12859
12861
12862
12863
12864
12865
12866
12867
12868
12870
12871
12872
12873
12874
12875
12876
12878
12879
12880
12882
12883
12884
12885
12886
12887
12888
12889
12891
12892
12893
12894
12895
12896
12897
12899
12900
12901
12902
12903
12904
12905
12906
12907
12909
12910
12911
12912
12913
12914
12915
12917
12918
12919
12920
12921
12922
12923
12925
12926
12927
12928
12929
12930
12931
12932
12933
12934
12935
12936
12937
12938
12939
12940
12942
12943
12944
12945
12946
12947
12948
12949
12951
12952
12953
12954
12955
12956
12957
12959
12960
12961
12962
12963
12964
12965
12966
12967
12968
12969
12970
12971
12972
12973
12974
12975
12976
12977
12978
12979
12980
12981
12983
12984
12985
12986
12987
12988
12989
12991
12992
12993
12994
12995
12996
12997
12998
12999
13000
13001
13002
13003
13004
13005
13006
13007
13008
13009
13010
13011
13012
13013
13014
13015
13016
13017
13018
13019
13020
13021
13022
13023
13024
13025
13026
13027
13028
13029
13030
13031
13032
13033
13034
13035
13036
13037
13038
13039
13040
13041
13042
13043
13044
13045
13046
13050
13051
13054
13055
13058
13061
13063
13066
13067
13068
13070
13080
13082
13084
13087
13089
13090
13091
13095
13097
13098
13099
13101
13106
13114
13121
13122
13123
13129
13130
13132
13137
13138
13139
13141
13145
13148
13153
13159
13160
13161
13164
13165
13168
13170
13172
13173
13174
13175
13176
13177
13179
13180
13184
13185
13188
13192
13194
13195
13197
13198
13199
13200
13202
13204
13205
13211
13212
13214
13215
13216
13218
13222
13226
13228
13230
13231
13232
13236
13237
13238
13242
13243
13245
13246
13247
13248
13249
13250
13251
13252
13256
13259
13261
13266
13267
13269
13272
13275
13276
13277
13279
13280
13282
13283
13284
13286
13288
13289
13290
13297
13300
13303
13311
13315
13320
13321
13323
13324
13329
13330
13332
13333
13335
13336
13337
13338
13340
13341
13343
13345
13349
13350
13351
13353
13356
13360
13363
13365
13370
13371
13372
13373
13374
13377
13379
13382
13383
13386
13387
13388
13389
13390
13392
13394
13396
13397
13399
13400
13401
13402
13406
13407
13410
13411
13413
13415
13420
13421
13422
13423
13424
13425
13426
13431
13433
13434
13435
13437
13442
13443
13444
13446
13447
13451
13452
13453
13455
13456
13458
13462
13463
13464
13466
13467
13469
13473
13488
13489
13490
13491
13492
13494
13496
13498
13499
13504
13505
13506
13509
13516
13518
13521
13524
13525
13526
13528
13530
13532
13533
13534
13536
13538
13545
13548
13549
13550
13556
13557
13563
13566
13570
13577
13579
13584
13586
13590
13594
13595
13596
13598
13600
13604
13606
13607
13608
13610
13611
13616
13617
13619
13625
13627
13628
13629
13631
13632
13638
13639
13640
13642
13647
13648
13654
13655
13657
13661
13668
13669
13670
13671
13672
13673
13675
13677
13679
13681
13682
13684
13685
13688
13689
13693
13710
13716
13717
13723
13724
13725
13726
13727
13729
13730
13731
13732
13736
13737
13739
13742
13746
13748
13749
13750
13758
13763
13768
13770
13771
13772
13773
13775
13776
13777
13779
13780
13782
13785
13786
13790
13791
13792
13794
13795
13796
13799
13800
13801
13802
13803
13806
13808
13810
13811
13814
13817
13818
13820
13821
13824
13826
13827
13828
13829
13831
13832
13835
13836
13837
13838
13841
13844
13845
13846
13848
13851
13852
13859
13861
13863
13864
13865
13866
13869
13870
13872
13874
13880
13881
13886
13887
13896
13899
13905
13906
13908
13909
13914
13917
13922
13924
13925
13926
13927
13929
13930
13939
13945
13947
13948
13950
13952
13954
13957
13966
13972
13974
13975
13976
13978
13979
13980
13983
13986
13987
13988
13991
13994
13996
13997
13998
14003
14005
14006
18518
18519
18520
18521
18522
18523
18524
18525
18526
18527
18528
18529
18537
18539
19216
19217
20662
20663
20664
20665
20666
20667
20668
20669
20670
20671
20672
20673
20674
20675
20676
20677
20678
20679
20680
20681
20682
20683
20684
20685
20686
20687
20688
20689
20690
20691
20692
20693
20694
20695
20696
20697
20698
20699
20700
20701
20702
20703
20704
20705
20706
20707
20708
20709
20710
20711
20712
20713
20714
20715
20716
20717
20718
20719
20720
20721
20722
20723
20724
20725
20726
20727
20728
20729
20730
20731
20732
20733
20734
20735
20736
20737
20738
20739
20740
20741
20742
20743
20744
20745
20746
20747
20748
20749
20750
20751
20752
20753
20754
20755
20756
20757
20758
20759
20760
20761
20762
20763
20764
20765
20766
20767
20768
20769
20770
20771
20772
20773
20774
20775
20776
20777
20778
20779
20780
20781
20782
20783
20784
20785
20786
20787
20788
20789
20790
20791
20792
20793
20794
20795
20796
20797
20798
20799
20800
20801
20802
20803
20804
20805
20806
20807
20808
20809
20810
20811
20812
20813
20814
20815
20816
20817
20818
20820
20826
20830
20831
20832
20833
20837
20842
20845
20851
20855
20860
20861
20863
20865
20868
20871
20872
20873
20875
20877
20881
20883
20884
20887
20888
20890
20893
20895
20896
20897
20900
20901
20902
20904
20905
20906
20907
20909
20911
20912
20916
20917
20919
20923
20924
20926
20927
20928
20930
20931
20932
20933
20935
20940
20945
20946
20951
20955
20956
20958
20960
20964
20965
20967
20971
20994
20995
20996
20997
20998
20999
21000
21001
21002
21003
21004
21005
21006
21007
21008
21009
21010
21011
21012
21013
21014
21015
21016
21017
21018
21019
21020
21021
21022
21023
21024
21025
21026
21027
21028
21029
21030
21031
21032
21033
21034
21035
21036
21037
21038
21039
21040
21041
21042
21043
21044
21045
21046
21047
21048
21049
21050
21051
21052
21053
21054
21055
21056
21057
21058
21059
21060
21061
21062
21063
21064
21065
21066
21067
21068
21069
21070
21071
21072
21073
21074
21075
21076
21077
21078
21079
21080
21081
21082
21083
21084
21085
21086
21087
21088
21089
21090
21091
21092
21093
21094
21095
21096
21097
21098
21099
21100
21101
21102
21103
21104
21105
21106
21107
21108
21109
21110
21111
21112
21113
21114
21115
21116
21117
21118
21119
21120
21121
21122
21123
21124
21125
21126
21127
21128
21129
21130
21131
21132
21133
21134
21135
21136
21137
21138
21139
21140
21141
21142
21143
21144
21145
21146
21147
21148
21149
21150
21151
21152
21153
21154
21155
21156
21157
21158
21159
21160
21161
21162
21163
21164
21168
21176
21185
21186
21187
21192
21193
21195
21197
21198
21204
21210
21216
21219
21222
21240
21243
21244
21247
21250
21251
21258
21259
21263
21275
21281
21287
21291
21297
21300
21303
21305
21308
21312
21314
21317
21318
21321
21326
21336
21337
21338
21339
21340
21341
21342
21343
21344
21345
21346
21347
21348
21349
21350
21351
21352
21353
21354
21355
21356
21357
21358
21359
21360
21361
21362
21363
21364
21365
21366
21367
21368
21369
21370
21371
21372
21373
21374
21375
21376
21377
21378
21379
21380
21381
21382
21383
21384
21385
21386
21387
21388
21389
21390
21391
21392
21393
21394
21395
21396
21397
21398
21399
21400
21401
21402
21403
21404
21405
21406
21407
21408
21409
21410
21411
21412
21413
21414
21415
21416
21417
21418
21419
21420
21421
21422
21423
21424
21425
21426
21427
21428
21429
21430
21431
21432
21433
21434
21435
21436
21437
21438
21439
21440
21441
21442
21443
21444
21445
21446
21447
21448
21449
21450
21451
21452
21453
21454
21455
21456
21457
21458
21459
21460
21461
21462
21463
21464
21465
21466
21467
21468
21469
21470
21471
21472
21473
21474
21475
21476
21477
21478
21479
21480
21481
21482
21483
21484
21485
21486
21487
21488
21489
21490
21491
21494
21499
21501
21503
21505
21507
21508
21514
21516
21517
21522
21525
21526
21530
21531
21532
21536
21537
21539
21540
21544
21546
21548
21549
21551
21552
21553
21554
21555
21556
21560
21564
21569
21572
21573
21577
21578
21579
21580
21581
21583
21586
21587
21588
21590
21592
21596
21599
21602
21603
21606
21607
21608
21610
21611
21617
21618
21619
21621
21623
21624
21625
21628
21631
21634
21636
21638
21641
21647
21676
21677
21678
21679
21680
21681
21682
21683
21684
21685
21686
21687
21688
21689
21690
21691
21692
21693
21694
21695
21696
21697
21698
21699
21700
21701
21702
21703
21704
21705
21706
21707
21708
21709
21710
21711
21712
21713
21714
21715
21716
21717
21718
21719
21720
21721
21722
21723
21724
21725
21726
21727
21728
21729
21730
21731
21732
21733
21734
21735
21736
21737
21738
21739
21740
21741
21742
21743
21744
21745
21772
21773
21774
21778
21779
21813
21816
21817
21818
21819
21820
21821
21822
21823
21824
21825
21826
21827
21828
21829
21830
21831
21832
21833
21834
21835
21836
21837
21838
21839
21840
21841
21842
21843
21844
21845
21846
21847
21848
21849
21850
21851
21852
21853
21854
21855
21856
21857
21858
21859
21860
21861
21862
21863
21864
21865
21866
21867
21868
21869
21870
21871
21872
21873
21874
21875
21876
21877
21878
21879
21880
21881
21882
21883
21884
21885
21886
21887
21888
21889
21890
21891
21892
21893
21894
21895
21896
21897
21898
21899
21900
21901
21902
21903
21904
21905
21906
21907
21908
21909
21910
21911
21912
21913
21914
21915
21916
21917
21918
21919
21920
21921
21922
21923
21924
21925
21926
21927
21928
21929
21930
21931
21932
21933
21934
21935
21936
21937
21938
21939
21940
21941
21942
21943
21944
21945
21946
21947
21948
21949
21950
21951
21952
21953
21954
21955
21956
21957
21958
21959
21960
21961
21962
21963
21964
21965
21966
21967
21968
21969
21970
21971
21974
21979
21983
21985
21986
21988
21992
21994
21997
21999
22005
22008
22010
22011
22012
22015
22016
22017
22019
22026
22027
22028
22032
22033
22034
22036
22040
22044
22049
22052
22058
22060
22063
22066
22067
22068
22070
22072
22074
22079
22082
22083
22084
22086
22087
22088
22090
22091
22098
22101
22103
22105
22108
22111
22114
22116
22118
22121
