23
52
53
54
56
58
62
63
64
65
66
70
71
74
75
77
78
83
85
391
415
421
1252
1253
1256
1258
1259
1274
1306
2164
2173
2177
2182
2183
2186
2190
2192
2199
2201
2211
2234
2236
2280
2308
2312
2570
2652
2777
2780
2808
2842
2859
3998
4001
4002
4004
4005
4006
4007
4012
4014
4024
4026
4038
5082
5335
5350
5366
5385
5403
5679
5681
6037
6039
6043
6057
6059
6065
6069
6071
8918
8955
11008
11009
11010
11013
11014
11016
11017
11019
11020
11022
11024
11025
11026
11029
11030
11034
11038
11050
11053
11057
11067
11068
11074
11090
11110
11111
11113
11114
11122
11123
11125
11126
11128
11129
11131
11132
11141
11143
11144
11146
11147
11149
11150
11387
11392
11394
11399
11403
11419
11539
11540
11541
11542
11543
11544
11545
11546
11547
11548
11549
11550
11551
11552
11553
11554
11555
11556
11557
11558
11559
11570
11571
11572
11573
12062
12108
12110
12133
12135
12154
12166
12183
12186
12196
12209
12216
12217
12226
12232
12234
12235
12238
12242
12243
12244
12245
12247
12252
12253
12256
12260
12271
12277
12346
12350
12352
12357
12430
12431
12433
12442
12520
12525
12530
12544
12606
12611
12612
12614
12688
12699
12704
12706
12713
12722
12724
12726
12729
12730
12732
12738
12740
12751
12759
12761
12773
12790
12797
12803
12810
12813
12817
12847
12850
12878
12956
14050
14062
14111
14148
14176
14183
14205
14234
14244
14246
14250
14260
14268
14348
14480
14603
14703
18529
18553
18582
18586
18643
19221
19311
19313
20665
20673
20688
20694
20704
20718
20735
20760
21338
21344
21355
21676
21677
21678
21680
21683
21685
21686
21687
21688
21689
21710
21726
21728
21730
21736
21737
21744
21818
21824
21835
21838
21881
21912
21935
