128
129
130
131
132
133
134
135
138
139
144
145
146
147
148
149
150
151
152
153
154
155
156
157
158
159
160
161
162
163
164
165
166
167
168
169
170
171
172
173
174
175
176
177
178
179
180
181
182
183
184
185
186
187
188
189
190
191
192
193
194
195
196
197
198
199
200
201
202
203
204
205
206
207
208
209
210
211
212
213
214
215
216
217
218
219
220
221
222
223
224
225
226
227
228
229
230
231
232
233
234
235
236
237
238
239
240
241
242
243
244
245
246
247
248
249
250
251
252
253
254
255
256
257
258
259
260
261
262
263
264
265
266
267
268
269
270
271
273
276
277
280
281
286
306
316
326
329
335
338
342
350
358
360
361
362
366
367
368
369
370
374
375
377
378
381
384
388
393
399
428
429
430
431
432
433
434
435
436
437
438
439
440
441
442
443
444
445
446
447
448
449
450
451
452
453
454
455
456
457
458
459
460
461
462
463
464
465
466
467
468
469
470
471
472
473
474
475
476
477
479
480
483
484
488
493
498
499
502
504
506
510
513
515
516
518
520
522
526
1072
1073
1372
1373
1374
1375
1376
1377
1378
1379
1380
1381
1382
1383
1384
1385
1386
1387
1388
1389
1390
1391
1392
1393
1394
1395
1396
1397
1398
1399
1400
1401
1402
1403
1404
1405
1406
1407
1408
1409
1410
1411
1412
1413
1414
1415
1416
1417
1418
1419
1420
1421
1423
1436
1446
1460
1461
1470
1772
1773
1774
1775
1776
1777
1778
1779
1780
1781
1782
1783
1784
1785
1786
1787
1788
1789
1790
1791
1792
1793
1794
1795
1796
1797
1798
1799
1800
1801
1802
1803
1804
1805
1806
1807
1808
1809
1810
1811
1812
1813
1814
1815
1816
1817
1818
1819
1820
1821
1822
1823
1824
1825
1826
1827
1828
1829
1830
1831
1832
1833
1834
1835
1836
1837
1838
1839
1840
1841
1842
1843
1844
1845
1846
1847
1848
1849
1850
1851
1852
1853
1854
1855
1856
1857
1858
1859
1860
1861
1862
1863
1864
1865
1866
1867
1868
1869
1870
1871
1872
1873
1874
1875
1876
1877
1878
1879
1880
1881
1882
1883
1884
1885
1886
1887
1888
1889
1890
1891
1892
1893
1894
1895
1896
1897
1898
1899
1900
1901
1902
1905
1906
1907
1911
1913
1918
1922
1923
1925
1926
1930
1935
1937
1941
1944
1949
1956
1962
1963
1968
1983
1985
1991
1995
2007
2009
2011
2013
2020
2024
2026
2030
2032
2033
2034
2035
2036
2037
2038
2039
2040
2041
2042
2043
2044
2045
2046
2047
2048
2049
2050
2051
2052
2053
2054
2055
2056
2057
2058
2059
2060
2061
2062
2063
2064
2065
2066
2067
2068
2069
2070
2071
2072
2073
2074
2075
2076
2077
2078
2079
2080
2081
2082
2083
2084
2085
2086
2087
2088
2089
2090
2091
2092
2093
2094
2095
2096
2097
2098
2099
2100
2101
2102
2103
2104
2105
2106
2107
2108
2109
2110
2111
2112
2113
2114
2115
2116
2117
2118
2119
2120
2121
2122
2123
2124
2125
2126
2127
2128
2129
2130
2131
2132
2133
2134
2135
2136
2137
2138
2139
2140
2141
2142
2143
2144
2145
2146
2147
2148
2149
2150
2151
2152
2153
2154
2155
2156
2157
2158
2159
2160
2161
2163
2165
2166
2167
2168
2169
2170
2171
2172
2173
2174
2175
2176
2177
2178
2179
2180
2181
2182
2183
2184
2185
2186
2187
2188
2189
2190
2191
2192
2193
2194
2195
2196
2197
2198
2199
2200
2201
2202
2203
2204
2205
2206
2207
2208
2209
2210
2211
2212
2213
2214
2215
2216
2217
2218
2219
2220
2221
2222
2223
2224
2225
2226
2227
2228
2230
2231
2232
2233
2234
2235
2236
2237
2238
2239
2240
2241
2242
2243
2244
2245
2246
2247
2248
2249
2250
2251
2252
2253
2254
2255
2258
2259
2260
2261
2262
2263
2264
2265
2266
2267
2268
2269
2270
2271
2272
2273
2274
2275
2276
2277
2278
2279
2280
2281
2282
2283
2284
2285
2286
2287
2289
2290
2291
2292
2293
2295
2296
2297
2298
2299
2300
2301
2302
2303
2304
2305
2306
2307
2308
2309
2310
2311
2312
2313
2314
2315
2316
2317
2318
2319
2320
2321
2322
2324
2325
2326
2328
2330
2331
2332
2333
2334
2335
2336
2337
2338
2339
2340
2341
2342
2343
2344
2345
2346
2347
2348
2349
2350
2351
2352
2353
2356
2357
2358
2359
2360
2362
2365
2367
2368
2369
2370
2371
2372
2373
2374
2375
2376
2377
2378
2379
2380
2381
2382
2383
2384
2385
2386
2387
2388
2389
2390
2391
2392
2393
2394
2396
2397
2398
2399
2400
2404
2405
2406
2407
2409
2410
2412
2413
2414
2415
2416
2417
2418
2419
2420
2421
2422
2423
2425
2427
2428
2429
2430
2431
2432
2433
2434
2435
2436
2437
2439
2440
2442
2444
2445
2446
2447
2448
2449
2450
2451
2452
2453
2454
2455
2456
2457
2458
2459
2461
2465
2466
2467
2470
2471
2472
2473
2474
2475
2478
2479
2480
2481
2482
2483
2484
2486
2487
2489
2490
2491
2492
2493
2494
2496
2497
2498
2499
2500
2501
2502
2503
2504
2505
2506
2507
2508
2509
2510
2511
2512
2513
2514
2515
2516
2517
2518
2519
2520
2521
2522
2523
2524
2525
2526
2527
2528
2529
2530
2531
2532
2533
2534
2535
2536
2537
2538
2539
2540
2541
2542
2543
2544
2545
2546
2547
2548
2549
2550
2551
2552
2553
2554
2555
2556
2557
2558
2559
2560
2561
2562
2563
2564
2565
2566
2567
2568
2569
2570
2571
2572
2573
2574
2575
2576
2577
2578
2579
2580
2581
2582
2583
2584
2585
2586
2587
2588
2589
2590
2591
2592
2593
2594
2595
2596
2597
2598
2599
2600
2601
2602
2603
2604
2605
2607
2608
2609
2610
2611
2612
2613
2614
2615
2616
2617
2619
2620
2621
2622
2623
2624
2625
2629
2630
2631
2632
2633
2634
2635
2636
2638
2639
2642
2643
2644
2645
2646
2647
2648
2649
2650
2651
2654
2655
2656
2657
2658
2659
2660
2661
2662
2664
2666
2667
2668
2669
2670
2671
2672
2673
2674
2675
2676
2677
2678
2679
2684
2685
2686
2687
2688
2689
2690
2691
2692
2693
2694
2695
2696
2697
2698
2699
2700
2701
2702
2703
2704
2709
2711
2712
2713
2714
2715
2716
2717
2719
2720
2721
2723
2725
2729
2730
2733
2742
2744
2748
2751
2753
2755
2759
2761
2762
2763
2764
2766
2769
2771
2774
2778
2782
2783
2785
2786
2788
2790
2794
2798
2800
2802
2803
2809
2812
2817
2821
2822
2823
2824
2826
2827
2829
2830
2831
2833
2835
2845
2846
2847
2848
2849
2851
2852
2853
2856
2858
2861
2864
2865
2869
2873
2874
2875
2878
2879
2881
2883
2884
2885
2886
2887
2888
2889
2890
2891
2893
2895
2896
2902
2909
2911
2912
2913
2915
2919
2923
2925
2927
2928
2932
2936
2938
2941
2945
2947
2948
2949
2951
2952
2953
2956
2964
2965
2968
2970
2971
2977
2978
2980
2984
2990
2991
2992
2993
2996
3000
3002
3004
3005
3009
3010
3012
3013
3015
3016
3017
3018
3019
3020
3027
3029
3030
3031
3033
3034
3035
3037
3039
3040
3048
3049
3056
3058
3061
3066
3067
3070
3072
3074
3075
3078
3083
3084
3086
3089
3091
3092
3095
3096
3097
3101
3102
3103
3104
3106
3107
3109
3111
3114
3118
3119
3122
3124
3125
3126
3128
3129
3130
3132
3133
3134
3136
3138
3141
3142
3147
3149
3150
3151
3155
3159
3161
3162
3165
3166
3168
3170
3180
3182
3183
3186
3190
3197
3200
3203
3206
3207
3214
3226
4856
4857
4858
4859
4860
4861
4862
4863
4864
4865
4866
4867
4872
4874
5040
5041
5042
5043
5044
5045
5046
5047
5048
5049
5050
5051
5056
5058
5540
5541
5542
5543
5544
5545
5546
5547
5550
5551
5568
5569
5570
5571
5572
5573
5574
5575
5576
5577
5578
5579
5580
5581
5582
5583
5584
5585
5586
5587
5588
5589
5590
5591
5592
5593
5594
5595
5596
5597
5598
5599
5600
5601
5602
5603
5604
5605
5606
5607
5608
5609
5610
5611
5612
5613
5614
5615
5616
5617
5618
5619
5620
5621
5622
5623
5624
5625
5626
5627
5628
5629
5630
5631
5632
5633
5634
5635
5636
5637
5638
5639
5640
5641
5642
5643
5644
5645
5646
5647
5648
5649
5650
5651
5652
5653
5654
5655
5656
5657
5658
5659
5660
5661
5662
5663
5664
5665
5666
5667
5668
5669
5670
5671
5672
5673
5674
5675
5676
5677
5678
5679
5680
5681
5682
5683
5684
5685
5686
5687
5688
5689
5690
5691
5692
5693
5694
5695
5696
5697
5700
5701
5704
5709
5711
5712
5721
5731
5742
5744
5745
5754
5755
5757
5758
5759
5765
5766
5768
5770
5772
5774
5775
5777
5786
5787
5790
5792
5795
5797
5802
5803
5813
5814
5819
5825
6200
6201
6203
6316
6317
6324
6325
6327
6744
6745
6746
6747
6748
6749
6750
6751
6752
6753
6754
6755
6756
6757
6758
6759
6760
6761
6762
6763
6764
6765
6766
6767
6768
6769
6770
6771
6772
6773
6774
6775
6776
6777
6778
6779
6780
6781
6782
6783
6784
6785
6786
6787
6788
6789
6790
6791
6792
6793
6799
6819
6834
6843
6856
6857
6864
6865
6866
6867
6868
6869
6870
6871
6872
6873
6874
6875
6876
6877
6878
6879
6880
6881
6882
6883
6884
6885
6886
6887
6888
6889
6890
6891
6892
6893
6894
6895
6896
6897
6898
6899
6900
6901
6902
6903
6904
6905
6906
6907
6908
6909
6910
6911
6912
6913
6915
6918
6920
6922
6925
6926
6928
6931
6935
6936
6938
6946
6948
6951
6952
6954
6960
6962
6964
6965
6966
6967
6968
6969
6970
6971
6972
6973
6974
6975
6976
6977
6978
6979
6980
6981
6982
6983
6984
6985
6986
6987
6988
6989
6990
6991
6992
6993
6994
6995
6996
6997
6998
6999
7000
7001
7002
7003
7004
7005
7006
7007
7008
7009
7010
7011
7012
7013
7014
7015
7016
7017
7018
7019
7020
7021
7022
7023
7024
7025
7026
7027
7028
7029
7030
7031
7032
7033
7034
7035
7036
7037
7038
7039
7040
7041
7042
7043
7044
7045
7046
7047
7048
7049
7050
7051
7052
7053
7054
7055
7056
7057
7058
7059
7060
7061
7062
7063
7064
7065
7066
7067
7068
7069
7070
7071
7072
7073
7074
7075
7076
7077
7078
7079
7080
7081
7082
7083
7084
7085
7086
7087
7088
7089
7090
7091
7093
7096
7098
7099
7102
7103
7104
7109
7111
7112
7113
7118
7123
7127
7129
7131
7132
7136
7140
7145
7152
7153
7157
7170
7176
7178
7183
7190
7191
7193
7194
7197
7200
7213
7215
7219
