146
149
151
154
157
160
190
192
434
436
438
440
442
444
446
448
450
451
452
453
454
455
456
459
460
461
462
463
464
465
519
1404
1405
1406
1407
1408
1409
1410
1411
1412
1413
1414
1415
1416
1417
1418
1419
1420
1421
1862
1863
1864
1868
1869
1877
1881
1887
2086
2106
2107
2108
2128
2132
2134
2162
2165
2166
2167
2173
2197
2198
2199
2200
2201
2206
2209
2223
2225
2226
2230
2233
2265
2266
2268
2285
2286
2289
2297
2299
2300
2310
2312
2313
2324
2327
2337
2339
2361
2363
2364
2372
2387
2388
2397
2398
2399
2414
2424
2440
2446
2447
2464
2465
2479
2498
3115
3118
3119
3131
3132
3136
3139
3141
3145
3147
3159
3166
3178
3181
3183
3189
3195
3197
3270
3274
3276
3278
3280
3282
3284
3286
3288
3290
3291
3292
3293
3390
3408
3415
3421
3428
3434
3435
3448
3449
3454
3459
5575
5577
5579
5582
5583
5584
5587
5588
5589
5623
5626
5629
5632
5638
5641
5647
5650
6324
6325
6349
6354
6359
6384
6386
6387
6393
6396
6746
6748
6750
6754
6756
6758
6760
6762
6764
6898
6899
6900
6901
6902
6903
6904
6905
6906
6907
6908
6909
6910
6911
6912
6913
6977
6987
6993
6999
7006
7012
7019
7024
7025
7026
7030
7035
7037
7040
7042
7045
7047
7051
7052
7055
7056
7059
7061
7062
7063
7064
7065
8448
8454
