862
863
864
865
866
867
868
869
870
871
872
873
874
875
876
877
878
879
880
881
882
883
884
885
886
887
888
889
890
891
892
893
894
895
896
897
898
899
900
901
902
903
904
905
906
907
908
909
910
911
912
913
914
915
916
917
918
919
920
921
935
953
968
1006
1007
1008
1009
1010
1011
1012
1013
1014
1015
1016
1017
1018
1019
1020
1021
1022
1023
1024
1025
1026
1027
1028
1029
1030
1031
1032
1033
1034
1035
1036
1037
1038
1039
1040
1041
1042
1043
1044
1045
1046
1047
1048
1049
1050
1051
1052
1053
1054
1055
1056
1057
1058
1059
1060
1061
1062
1063
1064
1065
1066
1067
1068
1069
1070
1071
1072
1073
1074
1075
1076
1077
1078
1081
1082
1085
1086
1087
1088
1089
1090
1091
1092
1093
1094
1096
1098
1099
1104
1105
1106
1107
1108
1109
1110
1111
1112
1113
1115
1116
1117
1118
1120
1121
1123
1124
1125
1126
1127
1128
1129
1130
1131
1132
1133
1134
1135
1136
1137
1138
1139
1140
1141
1142
1143
1144
1145
1146
1147
1148
1149
1150
1151
1152
1153
1154
1155
1156
1157
1158
1159
1160
1161
1162
1163
1164
1165
1166
1167
1168
1169
1170
1171
1172
1173
1174
1175
1176
1177
1178
1179
1180
1181
1182
1183
1184
1185
1186
1187
1188
1189
1190
1191
1192
1193
1194
1195
1196
1197
1198
1199
1200
1201
1202
1203
1204
1205
1206
1207
1208
1209
1210
1211
1212
1213
1214
1215
1216
1217
1218
1219
1220
1221
1222
1223
1224
1225
1226
1227
1228
1229
1230
1231
1232
1233
1234
1235
1236
1237
1238
1239
1240
1241
1242
1243
1244
1245
1246
1247
1248
1249
1250
1251
1252
1253
1254
1255
1256
1257
1258
1259
1260
1261
1262
1263
1264
1265
1266
1267
1268
1269
1270
1271
1275
1277
1278
1279
1280
1281
1282
1283
1284
1285
1286
1289
1290
1291
1292
1293
1294
1295
1297
1298
1299
1302
1308
1310
1312
1315
1317
1318
1322
1324
1327
1331
1336
1338
1339
1345
1348
1351
1353
1355
1356
1357
1358
1359
1362
1368
1369
1370
1372
1373
1374
1375
1376
1378
1380
1381
1383
1386
1387
1388
1389
1390
1391
1392
1394
1395
1398
1401
1402
1404
1405
1406
1410
1412
1414
1415
1416
1417
1419
1424
1425
1429
1431
1432
1436
1439
1441
1442
1445
1447
1448
1450
1452
1454
1457
1461
1464
1469
1473
1477
1478
1483
1484
1485
1487
1488
1489
1490
1491
1494
1495
1497
1498
1499
1502
1505
1506
1508
1510
1513
1514
1515
1516
1518
1519
1520
1522
1523
1529
1530
1531
1538
1588
1589
1590
1591
1592
1593
1594
1595
1596
1597
1598
1599
1600
1601
1602
1603
1604
1605
1607
1608
1609
1610
1611
1612
1613
1614
1615
1616
1617
1618
1619
1620
1621
1622
1623
1624
1625
1626
1627
1628
1629
1630
1631
1632
1633
1634
1635
1636
1637
1638
1639
1640
1641
1642
1643
1644
1645
1646
1647
1648
1649
1651
1666
1676
1678
1679
1708
1709
1710
1711
1712
1713
1714
1715
1716
1717
1718
1719
1720
1721
1722
1723
1724
1725
1726
1727
1728
1729
1730
1731
1732
1733
1734
1735
1736
1737
1738
1739
1740
1741
1742
1743
1744
1745
1746
1747
1748
1749
1750
1751
1752
1753
1754
1755
1756
1758
1759
1760
1761
1762
1763
1764
1765
1766
1767
1768
1769
1770
1774
1782
1788
1892
1893
2584
2585
2586
2587
2588
2589
2590
2591
2592
2593
2594
2595
2596
2597
2598
2599
2600
2601
2602
2603
2604
2605
2606
2607
2608
2609
2610
2611
2612
2613
2614
2615
2616
2617
2618
2619
2620
2621
2622
2623
2624
2625
2626
2627
2628
2629
2630
2631
2632
2633
2634
2635
2636
2637
2638
2639
2640
2641
2642
2643
2644
2645
2646
2647
2648
2649
2650
2651
2652
2653
2654
2655
2656
2657
2658
2659
2660
2661
2662
2663
2664
2665
2666
2667
2668
2669
2670
2671
2672
2673
2674
2675
2676
2677
2678
2679
2680
2681
2682
2683
2684
2686
2688
2691
2693
2695
2697
2699
2702
2704
2707
2708
2710
2711
2712
2714
2717
2720
2721
2722
2723
2726
2727
2729
2730
2732
2733
2735
2736
2739
2740
2743
2746
2747
2748
2749
2750
2753
2754
2757
2760
2763
2765
2766
2767
2769
2770
2772
2773
2774
2777
2781
2783
2784
2786
2788
2792
2793
2796
2799
2801
2802
2804
2805
2806
2808
2810
2812
2813
2814
2816
2818
2819
2820
2822
2824
2826
2830
2838
2842
2843
2844
2846
2848
2852
2861
2876
2877
3316
3317
3318
3319
3320
3321
3322
3323
3324
3325
3326
3327
3328
3329
3330
3331
3332
3333
3334
3335
3336
3337
3338
3339
3340
3341
3342
3343
3344
3345
3346
3347
3348
3349
3350
3351
3352
3353
3354
3355
3356
3357
3358
3359
3360
3361
3362
3363
3364
3365
3366
3367
3368
3369
3370
3371
3372
3373
3374
3375
3376
3377
3378
3380
3381
3382
3383
3386
3387
3388
3389
3390
3392
3393
3394
3395
3396
3399
3401
3402
3403
3404
3405
3407
3408
3409
3411
3412
3413
3414
3415
3416
3417
3419
3420
3421
3423
3424
3425
3426
3427
3428
3429
3431
3432
3433
3435
3436
3437
3438
3439
3440
3441
3445
3446
3447
3448
3449
3451
3452
3453
3454
3457
3458
3459
3460
3462
3463
3464
3465
3467
3468
3469
3471
3472
3473
3475
3476
3477
3479
3481
3483
3485
3487
3488
3489
3491
3492
3493
3494
3495
3497
3498
3499
3500
3501
3503
3505
3507
3509
3511
3513
3515
3517
3518
3523
3525
3526
3532
3537
3542
3543
3544
3552
3556
3559
3561
3562
3564
3568
3578
3581
3585
3588
3593
3596
3597
3601
3608
3609
3615
3788
3789
3790
3791
3792
3793
3794
3795
3796
3797
3798
3799
3800
3801
3802
3803
3804
3805
3806
3807
3808
3809
3810
3811
3812
3813
3814
3815
3816
3817
3818
3819
3820
3821
3822
3823
3824
3825
3826
3827
3828
3829
3830
3831
3832
3833
3834
3835
3836
3837
3838
3839
3840
3841
3842
3843
3844
3845
3846
3847
3848
3849
3850
3851
3852
3853
3854
3855
3857
3858
3859
3860
3861
3866
3868
3869
3870
3871
3873
3875
3876
3877
3878
3881
3882
3883
3884
3887
3888
3890
3891
3892
3893
3894
3896
3897
3898
3899
3900
3901
3902
3903
3904
3905
3906
3907
3908
3909
3910
3911
3912
3913
3915
3916
3917
3918
3919
3920
3921
3922
3923
3924
3925
3927
3928
3929
3930
3931
3933
3934
3936
3937
3939
3940
3942
3943
3945
3947
3949
3951
3953
3955
3957
3959
3961
3962
3963
3965
3967
3968
3969
3971
3973
3975
3976
3977
3979
3981
3983
3985
3987
3989
3990
4004
4005
4010
4015
4019
4028
4031
4032
4035
4036
4037
4040
4043
4047
4048
4050
4052
4053
4054
4056
4059
4062
4064
4073
4079
4080
4087
4516
4517
4518
4519
4520
4521
4522
4523
4524
4525
4526
4527
4528
4529
4530
4531
4532
4533
4534
4535
4536
4537
4538
4539
4540
4541
4542
4543
4544
4545
4546
4547
4548
4549
4550
4551
4552
4553
4554
4555
4556
4557
4558
4559
4560
4561
4562
4563
4564
4565
4566
4567
4568
4569
4570
4571
4572
4573
4574
4575
4576
4577
4578
4579
4580
4581
4582
4583
4584
4585
4586
4587
4588
4589
4590
4591
4592
4593
4594
4595
4596
4597
4598
4599
4600
4601
4602
4603
4604
4605
4606
4607
4608
4609
4610
4611
4612
4613
4614
4616
4617
4620
4621
4624
4625
4626
4627
4629
4630
4631
4635
4636
4639
4640
4641
4642
4643
4645
4646
4647
4649
4650
4651
4652
4654
4655
4657
4660
4662
4663
4664
4665
4666
4667
4670
4672
4675
4677
4680
4682
4683
4685
4686
4687
4690
4692
4694
4695
4697
4699
4700
4702
4705
4707
4710
4711
4715
4718
4721
4724
4727
4730
4733
4736
4739
4742
4745
4747
4748
4749
4754
4756
4761
4777
4778
4784
4785
4787
4792
4813
4815
4816
4817
4818
4819
4820
4821
4822
4823
4824
4825
4826
4827
4828
4829
4830
4831
4832
4833
4834
4835
4836
4837
4838
4839
4840
4841
4842
4843
4844
4845
4846
4847
4848
4849
4850
4851
4852
4853
4854
4855
4856
4857
4858
4859
4860
4861
4862
4863
4864
4865
4866
4867
4868
4869
4870
4871
4872
4873
4874
4875
4886
4907
4909
4922
4928
4936
4937
