383
400
414
415
428
868
869
870
871
880
882
892
893
898
899
1005
1006
1007
1008
1009
1010
1011
1012
1013
1014
1016
1017
1018
1019
1020
1021
1022
1023
1025
1027
1030
1031
1032
1035
1036
1039
1040
1041
1045
1047
1048
1051
1053
1057
1061
1063
1064
1066
1078
1080
1093
1094
1097
1106
1107
1108
1110
1120
1121
1122
1123
1125
1131
1136
1137
1139
1152
1153
1154
1165
1167
1168
1169
1171
1182
1183
1184
1196
1197
1198
1204
1207
1208
1209
1211
1212
1218
1221
1225
1229
1230
1612
1613
1614
1615
1617
1622
1623
1626
1627
1628
1629
1630
1631
1632
1633
1636
1637
1638
1639
1640
1641
1642
1643
1706
1707
1708
1709
1710
1711
1712
1713
1714
1716
1718
1719
1721
1723
1725
1734
1736
1738
1740
1742
1744
1746
1748
1750
1751
1752
1753
1754
1755
1756
1757
1758
1759
1760
1761
1762
1763
1826
1827
1892
1893
2593
2611
2613
2620
2628
2796
2799
2800
2802
2803
2808
2811
2815
2825
2828
2831
2839
2843
2847
3337
3341
3377
3382
3385
3392
3393
3400
3401
3409
3576
3578
3593
3594
3597
3600
3608
3802
3806
3829
3833
3837
3840
3858
3859
3860
3861
3864
3865
3872
3873
3881
3984
3987
4054
4058
4065
4066
4069
4070
4075
4083
4188
4470
4474
4517
4518
4519
4521
4522
4538
4539
4545
4560
4722
4724
4725
4742
4745
4747
4750
4753
4756
4759
4760
4762
4763
4765
4778
4780
4781
4782
4795
4797
4852
4853
4856
4857
4864
4865
4872
4873
