# 射线击中的面片ID列表
# 格式: 面片ID
# -------------------------------
29
31
33
34
37
38
40
43
45
46
1197
1203
1205
1208
1210
1214
1217
1224
1226
1230
1242
1256
1262
1278
1295
1312
1322
1339
1348
1353
1356
1359
1366
1368
1369
1371
1374
1375
1378
1394
1397
1398
1406
1412
1415
1423
1428
1437
1438
1441
1442
1444
1447
1448
1450
1452
1454
1456
1464
1470
1485
1489
1492
1496
1504
1508
1533
1537
1545
1570
1573
1595
1599
1601
1608
1612
1663
1668
1677
1678
1682
1683
1685
1687
1692
1695
1696
1724
1734
1736
1751
1753
1755
1759
1766
1778
1781
1800
1811
1812
1818
1821
1822
1832
1834
1846
1859
1881
1897
1905
1906
1922
1928
1955
1967
1978
1986
1998
2013
2021
2022
2023
2024
2028
2030
2032
2036
2052
2055
2057
2061
2068
2070
2081
2088
2094
2099
2110
2114
2129
2134
2140
2144
2148
2169
2175
2184
2186
2204
2205
2211
2228
2238
2240
2242
2264
2269
2270
2272
2278
2295
2305
2306
2310
2313
2315
2323
2331
2334
2336
2338
2347
2354
2364
2377
2381
2393
2398
2401
2416
2420
2423
2425
2432
2435
2448
2475
2476
2482
2486
2494
2505
2508
2513
2515
2516
2520
2528
2532
2534
2540
2541
2542
2543
2544
2547
2550
2557
2560
2567
2568
2576
2584
2587
2589
2591
2593
2594
2595
2597
2598
2599
2600
2602
2604
2605
2606
2607
2608
2614
2615
2619
2621
2622
2623
2626
2628
2643
2644
2646
2652
2657
2659
2661
2665
2666
2667
2668
2677
2683
2685
2686
2689
2690
2692
2694
2697
2698
2701
