# 射线击中的面片ID列表
# 格式: 面片ID
# -------------------------------
1880
2142
2399
2400
2402
2407
2410
2411
2416
2420
2421
2422
2428
2429
2432
2435
2437
2439
2441
2444
2446
2449
2451
2454
2456
2458
2460
2463
2466
2468
2472
2474
2476
2479
2483
2486
2488
2490
2494
2497
2498
2506
2508
2510
2512
2515
2518
2520
2524
2525
2532
2537
2539
2540
2541
2542
2547
2549
2550
2554
2556
2557
2562
2563
2565
2569
2570
2572
2575
2579
2580
2583
2586
2588
2591
2593
2595
2596
2597
2601
2602
2603
2607
2609
2610
2613
2614
2617
2618
2620
2621
2622
2623
2625
2626
2627
2628
2631
2632
2635
2636
2637
2638
2639
2642
2644
2648
2652
2907
2972
3046
3047
3048
3049
3050
3051
3052
3053
3054
3055
3056
3057
3058
3060
3067
3068
3069
3070
3072
3074
3075
3076
3077
3078
3086
3091
3096
3098
3101
3102
3103
3107
3110
3112
3118
3119
3120
3122
3123
3126
3127
3128
3129
3130
3131
3132
3133
3137
3139
3142
3144
3147
3149
3150
3151
3152
3153
3156
3158
3160
3163
3164
3165
3166
3167
3170
3171
3172
3173
3174
3175
3177
3179
3181
3183
3186
3189
3190
3192
3197
3198
3199
3200
3204
3208
3211
3212
3217
3225
3227
3229
3235
3236
3237
3239
3242
3246
3249
3251
3255
3257
3262
3264
3266
3270
3273
3276
3281
3283
3286
3287
3291
3292
3294
3295
3297
3298
3299
3301
3304
3311
3313
3314
3318
3322
3323
3325
3326
3330
3333
3335
3336
3339
3340
3341
3343
3344
3345
3346
3348
3349
3354
3355
3356
3357
3361
3363
3366
3369
3373
3380
3382
3385
3387
3390
3391
3394
3398
3399
3400
3402
3403
3405
3408
3411
3413
3414
3416
3417
3419
3420
3423
3424
3425
3427
3428
3429
3430
3436
3437
3438
3439
3440
3441
3443
3444
3445
3446
3447
3448
3453
3454
3457
3460
3462
3465
3467
3468
3472
3478
3479
3481
3487
3488
3497
3498
3500
3506
3508
3509
3512
3515
3516
3520
3523
3530
3532
3534
3537
3545
3546
3549
3552
3557
3561
3562
3567
3568
3569
3570
3574
3576
3577
3579
3580
3588
3589
3591
3593
3597
3603
3604
3607
3608
3609
3610
3612
3620
3622
3625
3627
3643
3646
3654
3659
3664
3672
3676
3685
3696
3699
3703
3706
3718
3719
3721
3722
3726
3732
3747
3752
3788
3796
3797
3799
3802
3810
3819
3820
3821
3822
3823
3824
3825
3826
3827
3828
3829
3831
3832
3833
3838
3839
3840
3842
3844
4013
4014
4015
4016
4043
4044
4045
4046
4049
4050
4051
4054
4056
4057
4058
4059
4061
4063
4064
4065
4077
4083
4084
4085
4128
4129
4131
4143
4145
4154
4156
4158
4200
4201
4202
4203
4220
4248
4249
4253
4255
4257
4258
4259
4260
4261
4262
4265
4267
4269
4271
4291
4323
4325
4326
4327
4329
4353
4354
4361
7377
7382
7383
7387
7390
7399
7401
7411
7413
7417
7418
7419
7421
7425
7429
7431
7434
7435
7438
7439
7441
7444
7446
7448
7450
7451
7454
7455
7456
7457
7459
7461
7463
7464
7467
7469
7471
7472
7474
7475
7478
7479
7481
7482
7483
7484
7485
7489
7490
7492
7493
7496
7497
7499
7500
7502
7503
7506
7508
7509
7511
7514
7515
7517
7518
7519
7520
7522
7524
7528
7531
7533
7534
7536
7538
7539
7540
7542
7544
7548
7550
7551
7553
7554
7556
7559
7562
7565
7566
7568
7570
7573
7575
7578
7579
7580
7583
7584
7586
7587
7589
7591
7593
7598
7599
7601
7603
7604
7609
7610
7612
7613
7615
7616
7619
7620
7622
7627
7630
7631
7633
7635
7637
7639
7641
7642
7647
7652
7654
7655
7658
7667
7669
7674
7679
7680
7681
7683
7690
7691
7692
7693
7694
7697
7699
7700
7703
7704
7705
7706
7707
7708
7710
7711
7716
7718
7719
7720
7721
7722
7724
7725
7726
7728
7730
7731
7732
7733
7739
7742
7744
7745
7746
7747
7751
7754
7755
7756
7757
7758
7760
7762
7763
7767
7771
7772
7775
7778
7779
7787
7789
7791
7793
7795
7803
7804
7805
7808
7809
7810
7811
7819
7820
7821
7825
7827
7828
7829
7837
7840
7847
7849
7853
7857
7858
7859
7860
7866
7867
7869
7872
7875
7876
7877
7878
7880
7881
7882
7885
7888
7889
7891
7893
7894
7897
7898
7900
7901
7902
7905
7910
7914
7919
7921
7929
7931
7940
7942
7945
7949
7953
7955
7958
7962
7965
7969
7972
7973
7975
7976
7977
7979
7982
7985
7986
7987
7988
7989
7990
7992
7994
7996
7998
7999
8000
8002
8004
8005
8006
8007
8008
8010
8013
8014
8017
8018
8020
8022
8024
8026
8028
8030
8035
8037
8040
8041
8043
8045
8046
8051
8064
8070
8071
8072
8073
8075
8077
8079
8080
8081
8083
8084
8087
8088
8091
8094
8095
8100
8101
8106
8108
8109
8139
8155
8158
8162
8167
8168
8171
8173
8175
8176
8177
8178
8182
8183
8187
8188
8190
8191
8209
8211
8212
8259
8260
8293
8294
8299
8301
8302
8311
8312
8328
8329
8330
8332
8333
8335
8347
8348
8349
8356
8357
8358
8359
8360
8494
8497
8501
8534
8536
8538
8552
8567
8568
8670
8671
8672
8674
8675
8676
8687
8688
8717
8725
8726
8727
8733
8734
8735
8736
8739
8741
8810
8812
8813
8815
8816
8817
8818
8819
8821
8824
8825
8826
8827
8842
8845
8846
8847
8851
8852
8853
8854
8860
8871
8872
8873
8874
8875
8877
8882
8884
8887
8888
8889
8892
8893
8895
8898
8899
8901
8902
8905
8907
8910
8912
8913
8914
8920
8924
8928
8929
8933
8935
8936
8937
8939
8941
8942
8943
8945
8946
8948
8951
8952
8953
8961
8962
8965
8969
8971
8974
8977
8978
8984
8988
8992
8996
9000
9003
9005
9012
9016
9018
9020
9026
9027
9028
9031
9036
9039
9044
9046
9047
9049
9054
9056
9061
9063
9065
9070
9071
9077
9078
9081
9083
9087
9088
9090
9093
9094
9095
9097
9100
9102
9104
9109
9110
9112
9116
9118
9120
9123
9126
9128
9130
9131
9132
9134
9139
9140
9142
9144
9146
9151
9156
9158
9160
9163
9164
9166
9168
9170
9172
9174
9175
9176
9186
9188
9193
9194
9197
9200
9203
9204
9210
9212
9217
9218
9220
9222
9224
9226
9230
9232
9234
9235
9236
9238
9240
9241
9246
9248
9251
9254
9256
9258
9259
9263
9264
9265
9267
44363
44364
44606
44771
45007
