# 射线击中的面片ID列表
# 格式: 面片ID
# -------------------------------
2
3
24
26
30
36
41
49
56
63
65
68
74
84
89
92
102
105
115
122
149
180
189
193
200
404
430
457
460
526
588
625
652
686
698
896
925
1076
1081
1196
1200
1450
1578
1670
1812
1922
2009
2065
2071
2074
2084
2086
2103
2105
2108
2123
2170
2175
2180
2181
2190
2196
2217
2246
2252
2262
2269
2279
2289
2312
2314
2318
2326
2332
2363
2366
2367
2376
2400
2413
2433
2478
2482
2553
2610
2642
2764
2796
2801
2807
2809
2815
2821
2822
2824
2830
2833
2834
2841
2842
2845
2847
2848
2851
2901
2972
2979
3001
3016
3024
3026
3036
3037
3038
3050
3052
3054
3055
3068
3071
3073
3074
3094
3098
3100
3104
3126
3127
3131
3135
3136
3159
3162
3166
3168
3171
3172
3174
3176
3203
3204
3208
3210
3211
3212
3213
3214
3215
3218
3219
3220
3222
3241
3260
3265
3267
3268
3269
3273
3274
3279
3280
3325
3326
3328
3329
3331
3335
3336
3366
3369
3370
3371
3374
3404
3405
3406
3407
3408
3409
3411
3432
3434
3436
3450
3451
3452
3453
3454
3455
3458
3459
3460
3463
3469
3475
3478
3481
3485
3489
3490
3493
3498
3501
3503
3508
3510
3512
3515
3516
3517
3521
3522
3524
3527
3528
3530
3533
3535
3537
3539
3541
3542
3548
3552
3553
3560
3589
3590
3603
3606
3610
3629
3630
3632
3645
3653
3655
3669
3673
3676
3680
3689
3691
3711
3716
3723
3730
3732
3733
3736
3758
3768
3776
3779
3780
3781
3782
3807
3825
3834
3836
3837
3842
3877
3879
3910
3914
3916
3918
3919
3958
3960
3980
3981
3985
3986
3988
3989
3990
4014
4034
4038
4041
4042
4043
4066
4067
4091
4094
4095
4117
4144
4145
4146
4148
4150
4168
4188
4191
4194
4196
4197
4217
4218
4230
4235
4237
4253
4256
4304
4305
4306
4308
4313
4315
4317
4319
4321
4324
4327
4332
4334
4336
4342
4344
4353
4355
4358
4360
4368
4370
4371
4373
4379
4381
4382
4383
4384
4386
4389
4390
4395
4396
4400
4403
4405
4410
4413
4416
4419
4421
4422
4425
4427
4431
4433
4434
4437
4438
4439
4440
4445
4446
4448
4449
4451
4453
4455
4456
4459
4460
4461
4462
4464
4466
4468
4473
4474
4475
4476
4478
4480
4481
4482
4484
4486
4490
4492
4494
4496
4499
4500
4501
4502
4503
4504
4505
4506
4509
4511
4512
4515
4520
4522
4524
4525
4526
4529
4530
4531
4533
4534
4539
4540
4541
4543
4545
4546
4547
4548
4549
4550
4552
4553
4555
4557
4559
4561
4562
4563
4564
4565
4567
4568
4575
4577
4582
4584
4586
4587
4588
4590
4591
4594
4595
4596
4597
4598
4600
4601
4602
4603
4604
4605
4607
4609
4610
4611
4612
4615
4616
4618
4619
4621
4623
4624
4625
4627
4632
4633
4634
4636
4637
4642
4643
4645
4647
4649
4651
4655
4656
4657
4659
4660
4661
4663
4664
4665
4666
4667
4668
4669
4670
4672
4673
4674
4675
4676
4677
4678
4680
4682
4683
4685
4686
4687
4688
4691
4699
4700
4703
4704
4706
4708
4709
4710
4712
4714
4717
4722
4723
4724
4726
4727
4728
4729
4730
4732
4734
4735
4736
4737
4739
4740
4742
4744
4746
4747
4749
4751
4752
4753
4754
4755
4756
4757
4759
4760
4763
4769
4770
4772
4773
4774
4779
4782
4783
4784
4785
4787
4789
4790
4791
4793
4795
4797
4800
4802
4803
4804
4805
4806
4807
4808
4809
4810
4811
4812
4813
4815
4816
4818
4821
4822
4823
4825
4826
4827
4829
4830
4833
4834
4835
4836
4837
4838
4840
4842
4843
4844
4845
4846
4851
4852
4854
4855
4857
4858
4860
4861
4862
4864
4865
4867
4868
4870
4872
4874
4875
4880
4882
4883
4884
4886
4887
4888
4889
4890
4891
4892
4894
4896
4898
4899
4900
4901
4903
4904
4906
4907
4908
4909
4910
4913
4914
4915
4916
4917
4918
4919
4923
4925
4926
4927
4929
4930
4931
4932
4936
4938
4939
4940
4942
4945
4947
4948
4949
4951
4953
4954
4955
4956
4957
4958
4961
4963
4965
4967
4968
4974
4975
4977
4978
4980
4981
4982
4983
4985
4986
4987
4989
4990
4991
4992
4993
4995
4998
4999
5000
5001
5002
5003
5005
5006
5007
5008
5009
5010
5011
5012
5013
5014
5015
5016
5022
5024
5027
5028
5029
5031
5032
5033
5035
5036
5037
5038
5039
5040
5041
5042
5043
5044
5046
5048
5050
5051
5052
5053
5054
5055
5056
5058
5060
5062
5064
5065
5066
5071
5072
5073
5074
5075
5077
5079
5089
5091
5094
5095
5096
5098
5099
5100
5104
5108
5110
5111
5113
5115
5117
5126
5129
5130
5132
5134
5135
5136
5137
5139
5140
5141
5143
5145
5147
5149
5150
5151
5152
5153
5154
5156
5158
5159
5161
5163
5167
5169
5170
5172
5174
5175
5176
5179
5180
5182
5183
5184
5185
5187
5194
5195
5196
5198
5203
5204
5205
5207
5210
5215
5217
5218
5219
5225
5229
5231
5233
5236
5237
5240
5241
5243
5244
5245
5247
5248
5249
5250
5252
5254
5255
5256
5258
5260
5261
5262
5263
5264
5265
5267
5269
5270
5272
5276
5278
5281
5285
5287
5288
5291
5293
5295
5300
5301
5302
5306
5307
5309
5310
5311
5312
5314
5315
5322
5323
5324
5325
5326
5328
5330
5332
5333
5334
5336
5337
5339
5340
5346
5348
5350
5351
5352
5354
5355
5356
5357
5359
5360
5361
5362
5363
5365
5367
5368
5369
5370
5371
5372
5373
5374
5376
5378
5379
5380
5381
5382
5385
5387
5389
5393
5394
5396
5398
5400
5401
5402
5403
5404
5405
5406
5408
5410
5411
5413
5414
5415
5417
5418
5419
5420
5421
5422
5423
5424
5425
5427
5428
5429
5435
5437
5438
5440
5442
5443
5444
5446
5448
5449
5450
5451
5453
5454
5455
5456
5457
5458
5459
5461
5462
5463
5464
5465
5466
5467
5469
5470
5475
5476
5477
5478
5479
5480
5481
5482
5483
5486
5487
5488
5490
5491
5493
5494
5495
5496
5497
5498
5499
5500
5501
5502
5504
5505
5506
5507
5508
5509
5511
5512
5513
5523
5525
5526
5527
5528
5529
5530
5531
5532
5533
5534
5536
5537
5538
5539
5540
5541
5542
5543
5544
5545
5546
5547
5548
5550
5551
5557
5558
5559
5560
5561
5562
5563
5565
5566
5567
5568
5571
5573
5574
5575
5576
5577
5578
5580
5582
5583
5584
5585
5586
5592
5593
5598
5599
5600
5602
5603
5604
5605
5606
5607
5608
5609
5610
5611
5613
5614
5615
5617
5619
5625
5626
5631
5632
5637
5638
5640
5642
5644
5645
5646
5647
5649
5650
5651
5653
5655
5656
5657
5658
5659
5660
5663
5665
5667
5668
5669
5670
5672
5673
5674
5676
5677
5680
5684
5685
5691
5692
5694
5697
5699
5700
5702
5703
5704
5705
5706
5707
5708
5710
5713
5714
5716
5717
5718
5720
5721
5722
5724
5725
5727
5729
5734
5741
5750
5759
5764
5773
5785
5790
5795
5802
5807
5835
5843
5846
5865
5877
5899
