47
52
63
137
150
153
174
178
179
180
184
204
1144
1145
1167
1168
1169
1172
1173
1239
1244
1246
1250
1251
1254
1255
1256
1259
1260
1264
1271
1274
1306
1311
1316
1321
1326
1372
1376
1379
1382
1385
1387
1533
1543
1545
1648
1650
1651
1656
1657
1713
1724
1727
1728
1731
1735
1744
1745
1896
1905
1906
1913
1914
1917
1920
1921
1923
1926
1927
2505
2508
2511
2514
2517
2520
2528
2531
2535
2536
2537
2538
2539
2540
2542
2548
2549
2567
2570
2573
2576
2579
2582
2590
2804
2805
2807
2809
2811
2813
2814
2816
2818
2820
2826
2828
2830
2831
2833
2835
2837
2839
2885
2890
2891
2899
2913
2914
2915
2916
2917
2918
2920
2923
