20
21
22
23
24
25
26
27
28
29
44
45
46
47
48
49
50
51
52
53
54
55
56
57
58
59
60
61
62
63
64
65
66
67
68
69
70
71
72
73
74
75
76
77
78
79
80
81
82
83
84
85
86
87
88
89
90
91
92
93
94
95
98
99
102
104
105
113
118
119
121
122
124
126
127
128
130
132
133
138
142
146
224
225
226
227
230
232
234
236
238
240
242
244
536
537
538
539
540
541
542
543
544
545
546
547
548
549
550
551
552
553
554
555
556
557
558
559
560
561
562
563
564
565
566
567
568
569
570
571
572
573
574
575
576
577
578
579
580
581
582
583
584
585
586
587
590
591
592
594
596
597
598
601
602
608
612
621
627
632
633
