40
41
42
43
44
45
46
48
50
52
54
55
56
58
59
61
62
368
369
370
371
372
373
374
375
376
377
378
379
380
381
382
383
384
385
386
387
388
389
390
391
392
393
394
395
396
397
398
399
400
401
402
403
404
405
406
407
408
409
410
411
412
413
414
415
416
417
418
419
428
430
431
433
434
435
436
438
441
446
455
467
468
470
724
725
726
727
728
729
730
731
732
733
740
743
860
861
862
863
864
865
866
867
868
869
870
871
872
873
874
875
876
877
878
879
880
881
882
883
884
885
886
887
888
889
890
891
892
893
894
895
896
897
898
899
900
901
902
903
904
905
906
907
908
909
910
911
913
914
918
921
922
924
925
926
937
954
956
957
958
963
