148
149
150
151
152
153
154
155
156
157
158
159
160
161
162
163
164
165
166
167
168
169
170
171
172
173
174
175
176
177
178
179
180
181
182
183
184
185
186
187
188
189
190
191
192
193
194
195
196
197
198
199
201
205
206
208
213
217
220
222
223
224
226
227
228
230
231
233
237
239
242
244
245
247
251
304
305
306
307
310
312
314
316
318
320
322
324
396
397
398
399
400
401
402
403
404
405
406
410
1320
1321
1322
1323
1324
1325
1326
1327
1328
1329
1330
1331
1332
1333
1334
1335
1336
1337
1338
1339
1340
1341
1342
1343
1344
1345
1346
1347
1348
1349
1350
1351
1352
1353
1354
1355
1356
1357
1358
1359
1360
1361
1362
1363
1364
1365
1366
1367
1368
1369
1370
1371
1376
1378
1381
1383
1385
1386
1388
1391
1393
1399
1401
1403
1406
1407
1409
1416
1417
1419
