24
25
27
916
917
918
919
920
921
922
923
924
925
926
927
928
929
930
931
932
933
934
935
936
937
938
939
940
941
942
943
944
945
946
947
948
949
950
951
952
953
954
955
956
957
958
959
960
961
962
963
964
965
966
967
968
969
970
971
972
973
974
975
976
977
978
979
980
981
982
983
984
985
986
987
988
989
990
991
992
993
994
995
996
997
998
999
1000
1001
1002
1003
1004
1005
1006
1007
1008
1009
1010
1011
1012
1013
1014
1015
1016
1017
1018
1019
1020
1021
1022
1023
1024
1025
1026
1027
1028
1029
1030
1031
1032
1033
1034
1035
1036
1037
1038
1039
1040
1041
1042
1043
1044
1045
1049
1058
1066
1072
1076
1081
1086
1087
1090
1091
1093
1096
1099
1105
1106
1109
1118
1127
1133
1135
1136
1137
1141
1142
1146
1150
1151
1157
1160
1161
1162
1164
1167
1168
1173
2648
2649
2650
2651
2652
2653
2654
2655
2656
2657
2658
2659
2660
2661
2662
2663
2664
2665
2666
2667
2668
2669
2670
2671
2672
2673
2674
2675
2676
2677
2678
2679
2680
2681
2682
2683
2684
2685
2686
2687
2688
2689
2690
2691
2692
2693
2694
2695
2696
2697
2703
2704
2705
2722
2738
2741
3512
3513
4736
4737
4738
4739
4740
4741
4742
4743
4748
4749
4864
4865
4866
4867
4868
4869
4870
4871
4872
4873
4874
4875
4876
4877
4878
4879
4880
4881
4882
4883
4884
4885
4886
4887
4888
4889
4890
4891
4892
4893
4894
4895
4896
4897
4898
4899
4900
4901
4902
4903
4904
4905
4906
4907
4908
4909
4910
4911
4912
4913
4915
4918
4920
4928
4938
4947
4962
5104
5105
5106
5107
5108
5109
5110
5111
5112
5113
5114
5115
5116
5117
5118
5119
5120
5121
5122
5123
5124
5125
5126
5127
5128
5129
5130
5131
5132
5133
5134
5135
5136
5137
5138
5139
5140
5141
5142
5143
5144
5145
5146
5147
5148
5149
5150
5151
5152
5153
5154
5155
5156
5157
5158
5159
5160
5161
5162
5163
5164
5165
5166
5167
5168
5169
5170
5171
5172
5173
5174
5175
5176
5177
5178
5179
5180
5181
5182
5183
5184
5185
5186
5187
5188
5189
5190
5191
5192
5193
5194
5195
5196
5197
5198
5199
5200
5201
5202
5203
5204
5205
5206
5207
5208
5209
5210
5211
5212
5213
5214
5215
5216
5217
5218
5219
5220
5221
5222
5223
5224
5225
5226
5227
5228
5229
5230
5231
5232
5233
5235
5253
5254
5255
5257
5258
5262
5267
5268
5273
5282
5283
5286
5291
5292
5293
5294
5297
5298
5299
5300
5303
5306
5308
5312
5313
5314
5317
5318
5321
5325
5327
5340
5354
5361
5392
5393
5544
5545
5546
5547
5548
5549
5550
5551
5552
5553
5554
5555
5558
5564
5592
5593
5600
5601
5716
5717
5718
5719
5720
5721
5722
5723
5724
5725
5726
5727
5728
5729
5730
5731
5732
5733
5734
5735
5736
5737
5738
5739
5740
5741
5742
5743
5744
5745
5746
5747
5748
5749
5750
5751
5752
5753
5754
5755
5756
5757
5758
5759
5760
5761
5762
5763
5764
5765
5786
5802
5805
5884
5885
5886
5887
5888
5889
5890
5891
5892
5893
5894
5895
5896
5897
5898
5899
5900
5901
5902
5903
5904
5905
5906
5907
5908
5909
5910
5911
5912
5913
5914
5915
5916
5917
5918
5919
5920
5921
5922
5923
5924
5925
5926
5927
5928
5929
5930
5931
5932
5933
5934
5935
5936
5937
5938
5939
5940
5941
5942
5943
5944
5945
5946
5947
5948
5949
5950
5951
5952
5953
5954
5955
5956
5957
5958
5959
5960
5961
5962
5963
5964
5965
5966
5967
5968
5969
5970
5971
5972
5973
5974
5975
5976
5977
5978
5979
5980
5981
5982
5983
5984
5985
5986
5987
5988
5989
5990
5991
5992
5993
5994
5995
5996
5997
5998
5999
6000
6001
6002
6003
6004
6005
6006
6007
6008
6009
6010
6011
6021
6027
6028
6029
6030
6034
6036
6040
6049
6050
6053
6069
6071
6073
6087
6096
6098
6100
6103
6105
6112
6113
6117
6125
6126
7888
7889
7890
7891
7892
7893
7894
7895
7896
7897
7898
7899
7900
7901
7902
7903
7904
7905
7906
7907
7908
7909
7910
7911
7912
7913
7914
7915
7916
7917
7918
7919
7920
7921
7922
7923
7924
7925
7926
7927
7928
7929
7930
7931
7932
7933
7934
7935
7936
7937
7948
7951
7952
7956
7966
7969
8000
8001
8002
8003
8004
8005
8006
8007
8008
8009
8010
8011
8012
8013
8014
8015
8016
8017
8018
8019
8020
8021
8022
8023
8024
8025
8026
8027
8028
8029
8030
8031
8032
8033
8034
8035
8036
8037
8038
8039
8040
8041
8042
8043
8044
8045
8046
8047
8048
8049
8050
8051
8052
8053
8054
8055
8056
8057
8058
8059
8060
8061
8062
8063
8064
8065
8066
8067
8068
8069
8070
8071
8072
8073
8074
8075
8076
8077
8078
8079
8080
8081
8082
8083
8084
8085
8086
8087
8088
8089
8090
8091
8092
8093
8094
8095
8096
8097
8098
8099
8100
8101
8102
8103
8104
8105
8106
8107
8108
8109
8110
8111
8112
8113
8114
8115
8116
8117
8118
8119
8120
8121
8122
8123
8124
8125
8126
8127
8128
8137
8146
8150
8152
8162
8165
8166
8169
8173
8177
8178
8181
8187
8200
8206
8210
8217
8219
8221
8222
8223
8229
8234
8236
8238
8241
8245
8272
8273
8274
8275
8276
8277
8278
8279
8280
8281
8282
8283
8284
8285
8286
8287
8288
8289
8290
8291
8292
8293
8294
8295
8296
8297
8298
8299
8300
8301
8302
8303
8304
8305
8306
8307
8308
8309
8310
8311
8312
8313
8314
8315
8316
8317
8318
8319
8320
8321
8322
8323
8324
8325
8326
8327
8328
8329
8330
8331
8332
8333
8334
8335
8336
8337
8338
8339
8340
8341
8342
8343
8344
8345
8346
8347
8348
8349
8350
8351
8352
8353
8354
8355
8356
8357
8358
8359
8360
8361
8362
8363
8364
8365
8366
8367
8368
8369
8370
8371
8372
8373
8374
8375
8376
8377
8378
8379
8380
8381
8382
8383
8384
8385
8386
8387
8388
8389
8390
8391
8392
8393
8394
8395
8396
8397
8398
8399
8400
8401
8403
8404
8405
8406
8407
8408
8409
8410
8411
8412
8413
8414
8415
8416
8417
8418
8419
8420
8421
8422
8423
8424
8425
8426
8427
8428
8430
8431
8432
8433
8434
8435
8436
8437
8438
8439
8440
8441
8442
8443
8444
8445
8446
8447
8449
8450
8451
8452
8453
8454
8455
8456
8457
8458
8459
8460
8461
8462
8463
8464
8465
8466
8467
8468
8469
8470
8471
8472
8473
8474
8475
8476
8477
8478
8479
8480
8481
8482
8483
8484
8485
8486
8487
8488
8489
8490
8491
8492
8493
8494
8495
8496
8498
8499
8500
8501
8502
8503
8504
8505
8506
8507
8508
8509
8510
8511
8512
8513
8514
8515
8516
8517
8518
8519
8520
8521
8522
8523
8524
8525
8526
8527
8529
8530
8531
8532
8533
8534
8535
8536
8537
8538
8539
8540
8541
8542
8543
8544
8545
8546
8547
8548
8549
8550
8551
8552
8553
8554
8555
8556
8557
8558
8559
8560
8561
8562
8564
8565
8566
8568
8569
8570
8571
8572
8573
8574
8575
8576
8577
8578
8579
8580
8581
8582
8583
8584
8585
8586
8587
8588
8589
8590
8591
8592
8593
8594
8597
8598
8599
8600
8602
8604
8605
8608
8609
8610
8611
8612
8613
8614
8615
8616
8617
8618
8619
8620
8621
8622
8623
8624
8625
8626
8627
8628
8629
8630
8631
8632
8633
8634
8636
8637
8638
8639
8640
8642
8644
8645
8646
8647
8650
8651
8652
8653
8654
8655
8656
8657
8658
8659
8660
8661
8662
8663
8665
8666
8667
8668
8669
8670
8671
8672
8673
8674
8675
8679
8680
8681
8682
8684
8687
8688
8689
8690
8691
8692
8693
8694
8695
8696
8697
8698
8699
8701
8702
8707
8708
8709
8710
8711
8712
8713
8714
8715
8718
8719
8720
8721
8722
8723
8724
8725
8729
8730
8731
8732
8733
8734
8735
8736
8737
8738
8739
8740
8741
8742
8743
8744
8745
8746
8747
8748
8749
8750
8751
8752
8753
8754
8755
8756
8757
8758
8759
8760
8761
8762
8763
8764
8765
8766
8767
8768
8769
8770
8771
8772
8773
8774
8775
8776
8777
8778
8779
8780
8781
8782
8783
8784
8785
8786
8787
8788
8789
8790
8791
8792
8793
8794
8795
8796
8797
8798
8799
8800
8801
8802
8803
8804
8805
8806
8807
8808
8809
8810
8811
8812
8813
8814
8815
8816
8817
8818
8819
8820
8821
8822
8823
8824
8825
8826
8827
8828
8829
8830
8831
8832
8833
8834
8835
8836
8837
8838
8839
8840
8841
8842
8843
8844
8845
8847
8848
8849
8850
8851
8852
8853
8854
8857
8859
8860
8861
8862
8863
8864
8865
8870
8871
8872
8873
8874
8875
8876
8877
8878
8879
8880
8881
8882
8883
8884
8885
8886
8887
8888
8889
8890
8891
8892
8894
8895
8896
8897
8898
8899
8900
8901
8902
8903
8907
8908
8909
8910
8911
8912
8913
8914
8915
8916
8917
8918
8919
8924
8925
8926
8927
8928
8929
8930
8931
8932
8933
8934
8935
8936
8937
8938
8939
8940
8941
8942
8943
8944
8949
8951
8952
8953
8954
8955
8956
8957
8959
8960
8961
8963
8965
8966
8967
8968
8969
8971
8972
8976
8977
8979
8981
8984
8989
8990
8995
8996
8998
9000
9001
9007
9010
9013
9016
9017
9018
9019
9020
9022
9023
9026
9036
9038
9039
9040
9043
9045
9052
9053
9054
9056
9057
9059
9068
9069
9070
9071
9072
9073
9074
9076
9078
9082
9084
9088
9091
9092
9094
9105
9106
9108
9110
9112
9118
9121
9122
9125
9129
9130
9133
9134
9145
9146
9147
9148
9149
9150
9152
9153
9157
9158
9162
9163
9167
9171
9172
9174
9178
9180
9183
9184
9190
9195
9198
9200
9201
9202
9205
9206
9209
9214
9216
9217
9225
9228
9229
9230
9235
9239
9241
9243
9246
9248
9249
9252
9256
9257
9264
9266
9267
9270
9274
9276
9278
9281
9283
9285
9287
9290
9291
9293
9295
9297
9299
9300
9301
9305
9307
9308
9311
9312
9314
9317
9319
9320
9323
9326
9327
9339
9340
9341
9344
9348
9351
9352
9356
9357
9361
9366
9368
9369
9371
9374
9376
9377
9378
9379
9380
9381
9382
9383
9384
9385
9388
9389
9390
9391
9394
9397
9398
9399
9400
9401
9403
9404
9406
9407
9409
9411
9412
9415
9418
9419
9424
9428
9430
9431
9444
9450
9454
9456
9457
9459
9460
9462
9463
9466
9744
9745
9746
9747
9748
9749
9750
9751
9752
9753
9754
9755
9758
9764
9888
9889
9890
9891
9892
9893
9894
9895
9900
9901
