919
922
925
930
931
932
933
935
937
953
971
974
977
980
2650
2652
4898
4899
4902
4903
4906
4907
4910
4911
5016
5030
5031
5032
5033
5034
5035
5109
5113
5118
5126
5133
5173
5186
5193
5194
5199
5200
5205
5211
5216
5222
5392
5393
5716
5717
5719
5721
5722
5723
5724
5725
5729
5735
5737
5740
5741
5742
5743
5745
5886
5889
5891
5894
5897
5898
5936
5944
5947
5950
5961
6154
6167
6173
6174
6180
6182
6186
6187
6225
6226
7910
7911
7912
7913
7921
7922
7923
7925
7926
7927
7928
7929
7930
7932
7933
7936
7937
8029
8042
8048
8062
8097
8098
8099
8100
8105
8113
8277
8308
8309
8318
8323
8324
8340
8343
8346
8361
8371
8373
8387
8392
8399
8405
8407
8434
8437
8439
8441
8465
8471
8473
8497
8505
8507
8525
8527
8539
8541
8552
8554
8577
8578
8592
8601
8615
8623
8624
8628
8637
8640
8650
8678
8679
8689
8695
8701
8703
8704
8735
8740
9352
9357
9358
9363
9369
9373
9375
9376
9379
9385
9387
9394
9398
9408
9412
9421
9422
9423
9424
9429
9435
9437
9443
9455
9519
9521
9545
9550
9552
9553
9556
9559
9565
10569
