850
852
1044
1045
1046
1047
1048
1050
1051
1052
1053
1054
1056
1057
1059
1060
1061
1062
1063
1064
1065
1066
1067
1068
1069
1070
1072
1075
1077
1079
1081
1082
1086
1088
1090
1095
1100
1102
1103
1105
1107
1108
1109
1111
1112
1114
1116
1117
1118
1119
1120
1122
1123
1124
1125
1126
1127
1128
1130
1132
1133
1134
1135
1136
1137
1138
1140
1142
1143
1144
1146
1147
1148
1150
1152
1153
1154
1155
1156
1158
1160
1162
1164
1166
1168
1170
1172
1173
1174
1176
1178
1180
1182
1183
1184
1185
1186
1187
1188
1189
1190
1192
1194
1196
1198
1200
1202
1204
1206
1207
1208
1209
1210
1212
1214
1215
1216
1218
1220
1222
1224
1225
1226
1227
1228
1230
1231
1232
1234
1235
1236
1237
1238
1240
1242
1244
1245
1246
1248
1250
1252
1254
1255
1256
1258
1260
1261
1262
1263
1264
1266
1268
1269
1270
1272
1274
1276
1278
1280
1281
1282
1284
1286
1288
1289
1290
1291
1292
1293
1294
1296
1298
1300
1302
1304
1305
1306
1308
1310
1311
1312
1313
1314
1316
1317
1318
1319
1320
1322
1324
1325
1326
1328
1330
1332
1334
1335
1336
1338
1340
1342
1343
1344
1346
1348
1350
1351
1352
1354
1356
1357
1358
1360
1362
1364
1366
1367
1368
1369
1370
1372
1374
1375
1376
1378
1380
1381
1382
1384
1385
1386
1388
1389
1390
1392
1393
1394
1395
1396
1398
1400
1402
1403
1404
1405
1406
1407
1408
1409
1410
1411
1412
1414
1415
1416
1418
1420
1422
1424
1426
1428
1429
1432
1434
1436
1438
1439
1442
