316
317
396
402
404
416
418
438
468
472
473
474
475
496
516
517
518
540
564
565
587
588
591
592
607
608
624
628
629
642
643
652
653
658
662
663
668
671
672
677
678
679
680
689
703
704
711
712
729
730
737
738
739
751
752
755
756
761
762
780
781
786
787
799
800
803
804
809
810
829
830
833
834
835
836
846
847
1047
1049
1051
1065
1083
1085
1089
1095
1096
1097
1132
1146
1166
1168
1170
1172
1184
1186
1198
1212
1226
1238
1252
1264
1270
1276
1278
1284
1286
1292
1294
1295
1300
1302
1314
1320
1326
1332
1338
1350
1356
1362
1368
1374
1386
1392
1398
1402
1404
1406
1407
1410
1412
1422
1424
1432
1434
1442
