21
395
398
399
400
401
402
403
404
405
406
407
408
409
410
411
420
421
624
625
626
627
629
639
641
903
909
912
919
924
928
929
931
934
1030
1031
1032
1033
1034
1035
1036
1037
1130
1131
1132
1135
1136
1139
1140
1143
1144
1150
1152
1153
1218
1220
1228
1237
1253
1261
1352
1359
1364
1647
1649
1651
2229
2235
2241
2245
2247
2249
2250
2251
2253
2291
2297
2303
3214
3218
3219
3221
3226
3227
3232
3233
3234
3238
3243
3248
3253
3255
3259
3262
3280
3991
4003
4052
4090
4118
4612
4613
4900
4902
4904
4906
4908
4910
4912
4922
4924
5166
5167
5168
5169
5170
5171
5172
5173
5237
5238
5243
5247
5248
5249
5250
5251
5253
5255
5259
5260
5261
