0
2
4
12
16
18
28
30
32
46
64
72
80
90
96
102
104
108
112
114
116
118
120
124
126
134
136
140
142
144
148
152
156
158
160
164
174
176
178
182
438
468
482
486
490
492
494
496
498
508
522
532
542
544
546
548
550
552
562
574
586
588
596
616
630
636
638
656
670
684
724
728
740
744
750
754
758
760
762
766
776
780
790
792
794
796
800
808
816
828
834
846
858
880
886
898
906
910
930
936
950
966
980
982
1000
1002
1004
1008
1010
1012
1014
1016
1018
1030
1034
1038
1052
1068
1080
1084
1102
1104
1116
1128
1134
1138
1144
1152
1154
1164
1176
1182
1186
1196
1200
1202
1204
1222
1224
1234
1244
1246
1248
1250
1256
1268
1272
1276
1280
1294
1296
1298
1300
1302
1312
1316
1322
1326
1328
1332
1340
1342
1344
1346
1356
1362
1366
1372
1386
1398
1400
1410
1414
1440
1442
1448
1452
1456
1458
1466
1480
1484
1494
1496
1500
1520
1526
1530
1534
1536
1558
1560
1564
1566
1574
1586
1596
1604
1608
1612
1614
1632
1636
1642
1646
1648
1652
1668
1674
1678
1682
1684
1690
1704
1706
1716
1720
1740
1744
1748
1752
1756
1758
1776
1782
1786
1790
1792
1812
1828
1832
1836
1850
1852
1856
1858
1860
1862
1866
1886
1890
1892
1896
1902
1904
1924
1930
1932
1936
1938
1940
1942
1944
1960
1962
1968
1970
1972
1976
1982
1998
2002
2006
2010
2014
2024
2034
2040
2044
2048
2050
2052
2054
2072
2074
2078
2080
2082
2084
2088
2108
2110
2112
2114
2124
2126
2134
2146
2152
2154
2156
2158
2160
2162
2168
2182
2186
2190
2192
2194
2196
2198
2208
2210
2220
2224
2228
2240
2242
2246
2256
2258
2260
2262
2264
2266
2268
2270
2282
2294
2302
2306
2316
2318
2320
2330
2340
2350
2354
2356
2358
2368
2370
2372
2374
2376
2378
2384
2388
2390
2394
2404
2408
2410
2414
2424
2426
2428
2430
2442
2444
2448
2450
2454
2458
2462
2464
2466
2468
2478
2480
2482
2484
2486
2496
2498
2500
2504
2516
2522
2528
2530
2534
2536
2538
2542
2552
2570
2572
2576
2578
2580
2590
2592
2594
2604
2606
2610
2614
2626
2628
2634
2638
2642
2644
2646
2648
2650
2652
2654
2664
2676
2678
2680
2682
2684
2686
2700
2702
2710
2714
2716
2720
2724
2726
2738
2744
2746
2750
2752
2754
2756
2758
2760
2774
2782
2784
2786
2794
2798
2800
2802
2814
2818
2822
2828
2832
2834
2836
2838
2852
2858
2860
2862
2864
2866
2868
2870
2874
2888
2892
2894
2896
2898
2900
2902
2904
2906
2910
2924
2928
2930
2932
2934
2936
2938
2940
2946
2960
2964
2966
2970
2974
2976
2978
2982
2996
3000
3002
3004
3006
3008
3010
3012
3014
3016
3018
3034
3036
3038
3040
3042
3044
3046
3048
3050
3052
3054
3066
3070
3072
3074
3078
3082
3090
3104
3108
3110
3112
3114
3116
3118
3120
3122
3126
3138
3142
3144
3146
3148
3150
3152
3154
3156
3158
3160
3162
3178
3180
3182
3184
3188
3192
3194
3196
3198
3212
3216
3218
3220
3222
3224
3226
3228
3232
3234
3250
3252
3254
3256
3258
3260
3262
3264
3266
3268
3270
3284
3286
3290
3292
3294
3296
3298
3300
3306
3318
3320
3322
3324
3326
3328
3330
3332
3334
3336
3338
3340
3342
3358
3362
3366
3368
3370
3374
3380
3423
3485
3487
3649
3773
3975
3977
4031
4211
4219
4221
4501
5032
5304
5442
5444
5466
5524
5536
5550
5570
5590
5602
5604
5606
5620
5636
5640
5652
5654
5658
5660
5666
5668
5670
5672
5684
5686
5698
5700
5702
5704
5706
5708
5714
5716
5720
5722
5724
5726
5728
5738
5750
5752
5754
5756
5758
5760
5762
5764
5766
5768
5770
5772
5774
5776
5788
5800
5802
5808
5810
5812
5814
5816
5818
5820
5822
5824
5826
5828
5830
5832
5836
5854
5856
5858
5860
5862
5864
5866
5868
5870
5872
5874
5876
5878
5880
5882
5884
5906
5908
5914
5916
5918
5920
5922
5924
5926
5928
5930
5932
5934
5954
5956
5960
5962
5964
5966
5968
5970
5972
5974
5976
5978
5980
5996
5998
6000
6002
6004
6006
6008
6010
6012
6014
6016
6018
6020
6022
6032
6034
6036
6038
6040
6042
6044
6046
6048
6050
6052
6054
6056
6058
6062
6064
6066
6068
6070
6072
6074
6076
6078
6080
6082
6084
6086
6088
6090
6092
6094
6096
6098
6100
6102
6104
6106
6108
6110
6112
6114
6116
6118
6120
6122
6124
6126
6142
6144
6148
6150
6154
6160
6162
6178
6180
6184
6194
6208
6212
6214
6228
6230
6232
6234
6236
6238
6252
6258
6268
6288
6290
6292
6294
6304
6318
6320
6324
6326
6328
6330
6332
6334
6336
6338
6340
6342
6344
6346
6431
