344
345
346
347
348
349
350
351
352
353
354
355
356
357
358
359
360
361
362
363
364
365
366
367
368
369
370
371
372
373
374
375
376
377
378
379
380
381
382
383
384
385
386
387
388
389
390
391
392
393
394
395
396
397
398
399
400
401
402
403
423
436
439
443
656
657
658
659
660
661
662
663
664
665
666
667
668
669
670
671
672
673
674
675
676
677
678
679
680
681
682
683
684
685
686
687
688
689
690
691
692
693
694
695
696
697
698
699
700
701
702
704
706
707
708
709
710
711
712
713
714
715
716
717
727
736
739
740
743
744
746
747
751
752
759
763
765
767
773
775
868
869
871
1974
1975
1976
1977
1978
1979
1980
1981
1982
1983
1984
1985
1986
1987
1988
1989
1990
1991
1992
1993
1994
1995
1996
1997
1998
1999
2000
2001
2002
2003
2004
2005
2006
2007
2008
2009
2010
2011
2012
2013
2014
2015
2016
2017
2018
2019
2020
2021
2022
2023
2024
2025
2026
2027
2028
2029
2030
2031
2032
2033
2034
2035
2036
2037
2038
2039
2040
2041
2044
2045
2046
2047
2048
2050
2052
2053
2054
2057
2058
2059
2060
2061
2062
2063
2065
2066
2067
2069
2071
2072
2073
2075
2077
2078
2079
2081
2083
2084
2085
2086
2087
2089
2090
2091
2092
2094
2096
2097
2098
2099
2103
2104
2105
2106
2107
2109
2110
2111
2112
2115
2116
2117
2118
2120
2121
2122
2123
2125
2126
2127
2129
2130
2131
2133
2134
2135
2137
2139
2141
2143
2145
2146
2147
2149
2151
2152
2153
2155
2157
2159
2161
2162
2163
2165
2167
2168
2169
2171
2173
2175
2176
2177
2187
2198
2199
2218
2219
2221
2223
2226
2227
2234
2238
2245
2250
2252
2257
2264
2272
2698
2699
2700
2701
2702
2703
2704
2705
2706
2707
2708
2709
2710
2711
2712
2713
2714
2715
2716
2717
2719
2720
2721
2722
2723
2724
2725
2726
2727
2728
2729
2730
2731
2732
2733
2734
2735
2736
2737
2738
2739
2740
2741
2742
2743
2744
2745
2746
2747
2748
2749
2750
2751
2752
2753
2754
2755
2756
2757
2758
2759
2760
2762
2765
2766
2769
2774
2775
2778
2790
2792
2794
2798
2804
2806
2808
2814
2816
2830
2831
2832
3150
3151
3152
3153
3154
3155
3156
3157
3158
3159
3160
3161
3162
3163
3164
3165
3166
3167
3168
3169
3170
3171
3172
3173
3174
3175
3176
3177
3178
3179
3180
3181
3182
3183
3184
3185
3186
3187
3188
3189
3190
3191
3192
3193
3194
3195
3196
3197
3198
3199
3200
3201
3202
3203
3204
3205
3206
3207
3208
3209
3210
3211
3212
3213
3214
3215
3216
3217
3218
3219
3220
3221
3222
3223
3224
3225
3226
3227
3228
3229
3230
3231
3232
3233
3234
3235
3236
3237
3238
3239
3240
3241
3242
3243
3244
3245
3246
3247
3248
3249
3250
3251
3254
3255
3258
3259
3263
3264
3267
3269
3270
3273
3274
3275
3276
3277
3279
3280
3281
3282
3284
3286
3289
3291
3294
3296
3299
3301
3303
3304
3305
3306
3309
3311
3313
3314
3316
3319
3321
3324
3326
3329
3331
3334
3336
3337
3339
3341
3342
3345
3347
3349
3352
3355
3358
3361
3363
3364
3367
3370
3373
3376
3378
3379
3381
3382
3390
3392
3398
3402
3406
3409
3412
3418
3421
3426
3437
3442
3443
3445
3574
3575
3576
3577
3578
3579
3580
3581
3582
3583
3584
3585
3586
3587
3588
3589
3590
3591
3592
3593
3594
3595
3596
3597
3598
3599
3600
3601
3602
3603
3604
3605
3606
3607
3608
3609
3610
3611
3612
3613
3614
3615
3616
3617
3618
3619
3620
3621
3622
3623
3624
3625
3626
3627
3628
3629
3630
3631
3632
3633
3634
3635
3636
3637
3638
3639
3640
3641
3642
3643
3644
3645
3646
3647
3648
3649
3650
3651
3652
3653
3654
3655
3656
3657
3658
3659
3660
3661
3662
3663
3664
3665
3666
3667
3668
3669
3670
3671
3672
3673
3674
3676
3678
3679
3680
3681
3682
3683
3685
3686
3687
3688
3689
3693
3694
3697
3699
3700
3704
3707
3708
3710
3713
3716
3718
3719
3722
3726
3729
3730
3733
3736
3738
3740
3743
3747
3748
3750
3753
3755
3756
3758
3759
3762
3764
3767
3770
3771
3772
3774
3778
3779
3780
3782
3786
3788
3789
3790
3792
3794
3796
3798
3800
3802
3804
3806
3808
3810
3812
3814
3816
3818
3826
3834
3835
3839
3840
3843
3846
3847
3854
3859
3866
4386
4387
4388
4389
4390
4391
4392
4393
4394
4395
4396
4397
4398
4399
4400
4401
4402
4403
4404
4405
4406
4407
4408
4409
4410
4411
4412
4413
4414
4415
4416
4417
4418
4419
4420
4421
4422
4423
4424
4425
4426
4427
4428
4429
4430
4431
4432
4433
4434
4435
4436
4437
4438
4439
4440
4441
4442
4443
4444
4445
4446
4447
4448
4449
4450
4451
4452
4455
4456
4457
4458
4464
4466
4467
4468
4471
4473
4474
4475
4476
4479
4480
4481
4482
4485
4486
4487
4488
4489
4490
4491
4492
4494
4495
4496
4497
4498
4499
4500
4501
4502
4504
4505
4506
4507
4508
4509
4510
4511
4513
4514
4516
4517
4519
4520
4521
4522
4523
4525
4526
4527
4528
4529
4530
4531
4532
4534
4535
4537
4538
4540
4541
4542
4543
4545
4547
4549
4551
4553
4555
4557
4559
4560
4561
4562
4563
4565
4567
4569
4570
4571
4573
4575
4577
4579
4580
4581
4583
4585
4587
4588
4591
4596
4602
4605
4606
4611
4627
4645
4651
4652
4653
4658
4661
4664
4676
4686
4687
4688
4689
4690
4691
4692
4693
4694
4695
4696
4697
4698
4699
4700
4701
4702
4703
4704
4705
4706
4707
4708
4709
4710
4711
4712
4713
4714
4715
4716
4717
4718
4719
4720
4721
4722
4723
4724
4725
4726
4727
4728
4729
4730
4731
4732
4733
4734
4735
4736
4737
4738
4739
4740
4741
4742
4743
4744
4745
4746
4747
4748
4749
4750
4751
4752
4753
4754
4755
4756
4757
4758
4760
4761
4762
4763
4764
4765
4766
4767
4768
4769
4770
4771
4772
4773
4774
4776
4777
4780
4781
4783
4784
4785
4786
4787
4788
4789
4790
4791
4792
4793
4794
4795
4796
4797
4798
4800
4801
4803
4804
4805
4806
4807
4808
4809
4810
4811
4812
4813
4814
4815
4816
4817
4818
4819
4820
4821
4822
4823
4824
4825
4826
4827
4828
4829
4830
4831
4832
4833
4834
4835
4836
4837
4838
4839
4840
4841
4842
4843
4844
4845
4846
4847
4848
4849
4850
4851
4852
4853
4854
4855
4856
4857
4858
4859
4860
4861
4862
4863
4864
4865
4866
4867
4868
4869
4870
4871
4872
4873
4874
4875
4876
4877
4878
4879
4880
4881
4882
4883
4884
4885
4886
4887
4888
4889
4890
4891
4892
4893
4894
4895
4896
4897
4898
4899
4900
4901
4902
4903
4904
4905
4906
4907
4908
4909
4910
4911
4912
4913
4914
4915
4916
4917
4918
4919
4920
4921
4922
4923
4924
4925
4926
4927
4928
4929
4930
4931
4932
4933
4934
4935
4936
4937
4938
4939
4940
4941
4942
4943
4944
4945
4946
4947
4948
4949
4950
4954
4956
4957
4959
4960
4961
4962
4963
4964
4965
4966
4967
4970
4971
4972
4973
4974
4975
4976
4977
4978
4979
4980
4982
4985
4986
4987
4988
4990
4991
4993
4997
4998
5001
5002
5006
5011
5013
5014
5016
5017
5019
5020
5021
5023
5025
5027
5033
5034
5036
5037
5039
5041
5042
5043
5047
5048
5051
5057
5060
5063
5064
5065
5067
5068
5071
5073
5075
5077
5078
5079
5080
5082
5083
5085
5086
5087
5089
5098
5100
5103
5105
5108
5115
5116
5118
5119
5120
5121
5122
5123
5124
5126
5127
5129
5138
5144
5147
5151
5152
5153
5154
5157
5163
5165
5167
5168
5171
5178
5181
5183
5184
5185
5187
5188
5194
5195
5196
5198
5202
5204
5208
5211
5212
5214
5215
5217
5220
5221
5222
5223
5224
5225
5226
5227
5228
5229
5230
5231
5232
5233
5234
5235
5236
5237
5238
5239
5240
5241
5242
5243
5244
5245
5246
5247
5248
5249
5250
5251
5252
5253
5254
5255
5256
5257
5258
5259
5260
5261
5262
5263
5264
5265
5266
5267
5268
5269
5270
5271
5272
5273
5274
5275
5276
5277
5278
5279
5288
5293
5303
5312
5315
5319
