344
345
346
347
348
349
350
352
354
356
357
358
360
362
364
366
368
370
371
372
373
374
375
376
377
378
379
380
381
384
385
386
387
388
389
394
395
396
397
402
403
656
657
658
659
660
661
662
663
664
665
667
668
669
670
671
672
673
674
675
676
677
678
679
680
681
682
683
684
685
696
854
855
1004
1974
1975
1979
1982
1985
1987
1990
1993
1994
1995
1997
1998
2003
2005
2011
2015
2018
2024
2027
2028
2032
2035
2036
2040
2043
2051
2052
2076
2085
2098
2111
2118
2123
2129
2130
2136
2143
2150
2151
2156
2162
2163
2234
2238
2240
2246
2250
2251
2252
2253
2254
2259
2264
2269
2274
2275
2276
2732
2733
2734
2735
2736
2737
2738
2739
2740
2741
2742
2743
2744
2745
2746
2747
2748
2749
2750
2751
2752
2753
2816
2817
2830
2831
2863
2879
2883
3049
3055
3065
3074
3077
3080
3086
3092
3095
3098
3102
3104
3108
3110
3112
3114
3116
3153
3155
3157
3163
3167
3173
3175
3177
3179
3181
3183
3187
3189
3190
3200
3262
3272
3282
3292
3297
3353
3354
3356
3358
3359
3361
3362
3364
3368
3375
3377
3383
3384
3387
3390
3391
3392
3393
3396
3397
3399
3402
3405
3408
3411
3414
3416
3418
3420
3422
3424
3426
3428
3430
3432
3603
3605
3608
3609
3615
3619
3833
3837
3845
3848
3859
3860
3926
3931
3934
3947
4015
4017
4020
4078
4079
4081
4082
4083
4086
4087
4088
4089
4092
4095
4096
4099
4100
4103
4386
4387
4388
4389
4390
4391
4392
4393
4394
4395
4396
4398
4399
4400
4401
4403
4405
4407
4408
4409
4410
4413
4414
4416
4417
4418
4422
4423
4426
4427
4430
4431
4434
4435
4437
4438
4439
4440
4441
4442
4443
4445
4446
4448
4449
4450
4451
4452
4454
4455
4456
4457
4458
4459
4464
4465
4467
4647
4651
4652
4653
4654
4656
4660
4661
4662
4663
4664
4704
4708
4709
4722
4734
4735
4747
4748
4755
4765
4769
4862
4873
4876
4884
4885
4886
4887
4898
4899
4900
4901
4905
4906
4907
4908
4909
4913
4914
4915
4918
5238
5240
5256
5257
5258
5259
5260
5261
5262
5263
5264
5265
5266
5267
5268
5269
5270
5271
5272
5273
5274
5275
5276
5277
5278
5279
