80
81
82
83
84
85
86
87
88
89
90
91
94
100
104
105
106
107
108
109
110
111
112
113
114
115
116
117
118
119
120
121
122
123
124
125
126
127
128
129
130
131
132
133
139
143
144
150
151
152
155
159
163
168
173
174
196
197
198
199
200
201
202
203
204
205
206
207
208
209
210
211
212
213
214
215
216
217
218
219
220
221
222
223
224
225
226
227
228
229
230
231
232
233
239
264
296
297
298
299
300
301
302
303
304
305
306
307
310
311
313
316
428
429
430
431
432
433
434
435
440
441
680
681
682
683
684
685
686
687
692
693
700
701
703
1016
1017
1018
1019
1020
1021
1022
1023
1024
1025
1026
1027
1028
1029
1030
1031
1032
1033
1034
1035
1036
1038
1039
1041
1042
1043
1044
1046
1047
1048
1049
1050
1052
1053
1054
1055
1056
1057
1058
1060
1061
1062
1063
1064
1065
1066
1067
1068
1069
1071
1072
1075
1076
1077
1078
1079
1081
1082
1085
1086
1087
1088
1089
1091
1092
1093
1095
1096
1098
1099
1101
1102
1103
1104
1106
1107
1109
1110
1111
1112
1115
1116
1117
1118
1119
1120
1121
1123
1124
1125
1126
1127
1133
1138
1142
1143
1144
1148
1152
1155
1160
1161
1164
1171
1174
1176
1178
1179
1186
1188
1191
1268
1269
1444
1445
1464
1465
1466
1467
1468
1469
1470
1471
1472
1473
1474
1475
