0
6
16
18
26
28
34
46
56
64
68
70
74
80
84
86
96
98
102
104
108
112
114
116
118
120
124
126
132
134
136
138
140
144
148
150
152
156
158
160
164
168
172
174
178
184
190
192
198
206
214
228
230
236
246
250
258
274
286
288
304
308
324
344
346
356
358
378
382
384
394
396
418
420
422
424
430
438
468
470
476
478
482
486
488
490
492
494
496
498
508
518
520
522
526
528
530
532
536
540
542
544
546
548
550
552
562
568
570
572
574
576
578
582
584
590
592
594
602
604
616
624
628
630
632
634
636
638
640
642
644
646
654
658
670
676
682
684
686
688
690
692
694
700
702
704
706
710
712
714
724
726
734
738
740
742
744
746
748
752
754
758
760
762
766
776
788
790
792
794
798
800
802
804
806
808
810
812
816
828
830
832
846
848
850
852
854
856
858
860
862
866
868
870
880
884
886
892
898
900
902
904
906
910
912
914
916
918
920
930
932
938
942
946
948
950
952
954
956
958
962
964
966
968
970
980
984
986
1000
1002
1006
1008
1010
1012
1014
1030
1034
1038
1040
1048
1050
1052
1054
1056
1058
1060
1064
1066
1068
1070
1080
1082
1086
1088
1090
1098
1102
1106
1110
1112
1114
1116
1118
1128
1132
1134
1138
1146
1150
1152
1154
1156
1158
1160
1162
1166
1176
1178
1180
1182
1184
1186
1188
1198
1200
1202
1210
1222
1232
1236
1240
1244
1248
1250
1252
1254
1256
1258
1268
1274
1276
1280
1290
1294
1296
1298
1300
1302
1312
1314
1316
1318
1322
1324
1326
1328
1338
1340
1342
1344
1346
1356
1358
1360
1364
1372
1382
1386
1388
1398
1404
1406
1408
1410
1412
1414
1416
1424
1428
1440
1442
1448
1450
1452
1454
1456
1464
1466
1480
1484
1486
1488
1492
1496
1498
1504
1508
1520
1522
1524
1526
1530
1534
1536
1538
1540
1558
1568
1572
1574
1576
1596
1598
1600
1604
1608
1610
1612
1616
1622
1632
1638
1640
1642
1644
1648
1652
1668
1672
1676
1678
1680
1682
1684
1686
1704
1708
1712
1716
1720
1740
1742
1746
1750
1756
1762
1776
1782
1786
1790
1792
1794
1796
1812
1816
1820
1828
1830
1850
1852
1862
1866
1886
1888
1892
1896
1902
1906
1910
1924
1928
1932
1934
1938
1940
1944
1960
1968
1972
1976
1978
1998
2000
2004
2014
2022
2034
2040
2044
2050
2054
2062
2072
2076
2080
2084
2086
2088
2108
2112
2116
2120
2124
2126
2146
2148
2152
2162
2168
2182
2184
2188
2192
2198
2202
2206
2210
2220
2224
2234
2244
2246
2256
2260
2264
2280
2282
2294
2296
2300
2306
2318
2330
2332
2336
2348
2354
2356
2368
2372
2378
2386
2390
2392
2404
2408
2422
2426
2430
2442
2444
2450
2460
2462
2466
2478
2480
2498
2504
2516
2522
2534
2540
2552
2558
2570
2572
2590
2594
2600
2606
2608
2614
2626
2630
2638
2642
2646
2650
2664
2666
2674
2678
2682
2686
2700
2710
2714
2718
2728
2738
2750
2754
2758
2774
2782
2786
2790
2794
2800
2802
2822
2830
2834
2838
2858
2862
2866
2874
2894
2896
2906
2910
2930
2936
2940
2946
2966
2970
2974
2978
2980
2982
3002
3018
3038
3044
3048
3054
3074
3088
3090
3112
3118
3120
3126
3146
3160
3162
3182
3188
3192
3198
3232
3234
3294
3298
3302
3306
3338
3342
3485
3487
3495
5218
5392
5474
5478
5480
5534
5536
5552
5570
5602
5604
5610
5614
5618
5620
5652
5654
5656
5658
5664
5666
5668
5670
5672
5686
5698
5700
5702
5704
5706
5708
5710
5712
5714
5716
5720
5722
5724
5726
5750
5752
5754
5756
5758
5762
5764
5766
5768
5770
5774
5776
5788
5800
5802
5804
5806
5808
5810
5812
5814
5816
5818
5820
5822
5824
5826
5828
5830
5832
5854
5856
5858
5860
5862
5864
5866
5868
5870
5872
5874
5876
5878
5880
5882
5884
5906
5908
5910
5912
5914
5916
5918
5920
5922
5924
5928
5930
5932
5934
5954
5956
5958
5960
5962
5964
5966
5968
5970
5972
5974
5976
5978
5980
5996
5998
6000
6002
6004
6006
6008
6010
6012
6014
6016
6018
6020
6022
6032
6034
6036
6038
6040
6042
6044
6046
6048
6050
6052
6054
6056
6058
6062
6064
6066
6068
6070
6072
6074
6076
6078
6080
6082
6084
6086
6088
6090
6092
6094
6096
6098
6100
6102
6104
6106
6108
6110
6112
6114
6116
6118
6120
6122
6124
6126
6142
6146
6148
6150
6152
6156
6160
6162
6164
6170
6174
6180
6182
6184
6188
6202
6208
6212
6216
6220
6232
6234
6238
6258
6262
6268
6274
6276
6288
6290
6292
6296
6300
6310
6320
6322
6324
6326
6328
6330
6332
6334
6336
6338
6340
6342
6344
6346
