896
897
898
899
900
901
902
903
904
905
906
907
908
909
910
911
912
913
914
915
916
917
918
919
920
921
922
923
924
925
926
927
928
929
930
931
932
933
934
935
936
937
938
939
940
941
942
943
944
945
946
947
948
949
950
951
952
953
954
955
956
957
958
959
960
961
962
963
964
965
966
967
968
969
970
971
972
973
974
975
976
977
978
979
980
981
982
983
984
985
986
987
988
989
990
991
992
993
994
995
996
997
998
999
1000
1001
1002
1003
1004
1005
1006
1007
1008
1009
1010
1011
1012
1013
1014
1015
1016
1017
1018
1019
1020
1021
1022
1023
1024
1025
1026
1027
1028
1029
1030
1031
1032
1033
1034
1035
1036
1037
1038
1039
1040
1041
1042
1043
1044
1045
1046
1047
1048
1049
1050
1051
1052
1053
1054
1055
1056
1057
1058
1059
1060
1061
1062
1063
1064
1065
1066
1067
1068
1069
1070
1071
1072
1073
1074
1075
1076
1077
1078
1079
1080
1081
1082
1083
1084
1085
1086
1087
1088
1089
1090
1091
1092
1093
1094
1095
1096
1097
1098
1099
1100
1101
1102
1103
1104
1105
1106
1107
1108
1109
1110
1111
1112
1113
1114
1115
1116
1117
1118
1119
1120
1121
1122
1123
1124
1125
1126
1127
1128
1129
1130
1131
1132
1133
1134
1135
1136
1137
1138
1139
1140
1141
1142
1143
1144
1145
1146
1147
1148
1149
1150
1151
1152
1153
1154
1155
1156
1157
1158
1159
1160
1161
1162
1163
1164
1165
1166
1167
1168
1169
1170
1171
1172
1173
1174
1175
1176
1177
1178
1179
1180
1181
1182
1183
1184
1185
1186
1187
1188
1189
1190
1191
1192
1193
1194
1195
1196
1197
1198
1199
1200
1201
1202
1203
1204
1205
1206
1207
1208
1209
1210
1211
1212
1213
1214
1215
1216
1217
1218
1219
1220
1221
1222
1223
1224
1225
1226
1227
1228
1229
1230
1231
1232
1233
1234
1235
1236
1237
1238
1239
1240
1241
1242
1243
1244
1245
1246
1247
1248
1249
1250
1251
1252
1253
1254
1255
1256
1257
1258
1259
1260
1261
1262
1263
1264
1265
1266
1267
1268
1269
1270
1271
1272
1273
1274
1275
1276
1277
1278
1279
1280
1281
1282
1283
1284
1285
1286
1287
1288
1289
1290
1291
1292
1293
1294
1295
1296
1297
1298
1299
1300
1301
1302
1303
1304
1305
1306
1307
1308
1309
1310
1311
1312
1313
1314
1315
1316
1317
1318
1319
1320
1321
1322
1323
1324
1325
1326
1327
1328
1329
1330
1331
1332
1333
1334
1335
1336
1337
1338
1339
1340
1341
1342
1343
1344
1345
1346
1347
1348
1349
1350
1351
1352
1353
1354
1355
1356
1357
1358
1359
1360
1361
1362
1363
1364
1365
1366
1367
1368
1369
1370
1371
1372
1373
1374
1375
1376
1377
1378
1379
1380
1381
1382
1383
1384
1385
1386
1387
1388
1389
1390
1391
1392
1393
1394
1395
1396
1397
1398
1399
1400
1401
1402
1403
1404
1405
1406
1407
1408
1409
1410
1411
1412
1413
1414
1415
1416
1417
1418
1419
1420
1421
1422
1423
1424
1425
1426
1427
1428
1429
1430
1431
1432
1433
1434
1435
1436
1437
1438
1439
1440
1441
1442
1443
1444
1445
1446
1447
1448
1449
1450
1451
1452
1453
1454
1455
1456
1457
1458
1459
1460
1461
1462
1463
1464
1465
1466
1467
1468
1469
1470
1471
1472
1473
1474
1475
1476
1477
1478
1479
1480
1481
1482
1483
1484
1485
1486
1487
1488
1489
1490
1491
1492
1493
1494
1495
1496
1497
1498
1499
1500
1501
1502
1503
1504
1505
1506
1507
1508
1509
1510
1511
1512
1513
1514
1515
1516
1517
1518
1519
1520
1521
1522
1523
1524
1525
1526
1527
1528
1529
1530
1531
1532
1533
1534
1535
1536
1537
1538
1539
1540
1541
1542
1543
1544
1545
1546
1547
1548
1549
1550
1551
1552
1553
1554
1555
1556
1557
1558
1559
1560
1561
1562
1563
1564
1565
1566
1567
1568
1569
1570
1571
1572
1573
1574
1575
1576
1577
1578
1579
1580
1581
1582
1583
1584
1585
1586
1587
1588
1589
1590
1591
1592
1593
1594
1595
1596
1597
1598
1599
1600
1601
1602
1603
1604
1605
1606
1607
1608
1609
1610
1611
1612
1613
1614
1615
1616
1617
1618
1619
1620
1621
1622
1623
1624
1625
1626
1627
1628
1629
1630
1631
1632
1633
1634
1635
1636
1637
1638
1639
1640
1641
1642
1643
1644
1645
1646
1647
1648
1649
1650
1651
1652
1653
1654
1655
1656
1657
1658
1659
1660
1661
1662
1663
1664
1665
1666
1667
1668
1669
1670
1671
1672
1673
1674
1675
1676
1677
1678
1679
1680
1681
1682
1683
1684
1685
1686
1687
1688
1689
1690
1691
1692
1693
1694
1695
1696
1697
1698
1699
1700
1701
1702
1703
1704
1705
1706
1707
1708
1709
1710
1711
1712
1713
1714
1715
1716
1717
1718
1719
1720
1721
1722
1725
1726
1727
1728
1730
1733
1735
1736
1737
1740
1741
1742
1744
1747
1748
1750
1752
1754
1756
1757
1758
1759
1760
1761
1762
1765
1767
1768
1769
1770
1772
1775
1776
1778
1779
1780
1781
1783
1784
1786
1788
1789
1790
1791
1793
1794
1795
1796
1797
1798
1800
1801
1803
1804
1806
1807
1808
1809
1810
1812
1813
1814
1816
1817
1818
1819
1822
1823
1826
1827
1829
1831
1833
1835
1836
1837
1838
1839
1840
1841
1842
1843
1845
1847
1849
1850
1853
1855
1858
1859
1860
1861
1862
1863
1864
1865
1868
1869
1870
1871
1872
1873
1875
1880
1882
1883
1884
1887
1888
1892
1893
1895
1897
1899
1901
1903
1906
1907
1908
1910
1912
1913
1915
1916
1918
1919
1921
1922
1924
1926
1928
1930
1932
1934
1935
1938
1940
1942
1943
1944
1945
1946
1948
1949
1950
1953
1955
1958
1959
1961
1963
1964
1965
1967
1968
1969
1970
1971
1972
1973
1974
1976
1977
1978
1980
1981
1983
1984
1985
1987
1989
1990
1992
1993
1994
1995
1996
1997
1998
1999
2000
2001
2002
2003
2004
2005
2007
2011
2012
2013
2014
2015
2016
2017
2019
2020
2022
2023
2024
2026
2028
2030
2031
2032
2033
2034
2035
2036
2037
2038
2040
2041
2042
2044
2045
2047
2048
2049
2051
2052
2053
2054
2055
2056
2057
2058
2059
2060
2061
2062
2065
2066
2067
2069
2071
2072
2073
2074
2076
2079
2081
2084
2085
2087
2088
2089
2091
2092
2093
2094
2096
2099
2100
2101
2102
2104
2105
2106
2110
2112
2113
2114
2116
2119
2121
2122
2124
2126
2127
2129
2130
2131
2132
2133
2134
2135
2136
2137
2138
2139
2142
2143
2144
2145
2146
2147
2148
2152
2155
2156
2159
2161
2163
2165
2167
2170
2171
2172
2173
2174
2176
2177
2178
2181
2182
2183
2184
2185
2186
2187
2188
2192
2193
2194
2195
2196
2197
2199
2201
2202
2203
2204
2205
2206
2207
2208
2210
2211
2212
2213
2214
2215
2218
2219
2221
2224
2225
2226
2228
2231
2232
2233
2235
2236
2237
2238
2240
2242
2243
2245
2246
2247
2249
2250
2253
2254
2255
2256
2259
2263
2265
2266
2267
2271
2272
2274
2276
2278
2280
2282
2285
2286
2288
2289
2290
2292
2295
2297
2298
2299
2303
2304
2306
2307
2309
2310
2312
2313
2315
2317
2319
2320
2321
2322
2325
2326
2327
2329
2330
2331
2334
2335
2336
2337
2340
2342
2345
2346
2347
2348
2349
2350
2352
2354
2355
2356
2357
2358
2360
2362
2365
2366
2368
2369
2370
2371
2372
2373
2374
2375
2376
2377
2378
2381
2382
2384
2386
2389
2390
2391
2392
2395
2398
2400
2402
2403
2404
2406
2409
2410
2411
2412
2413
2414
2416
2417
2418
2420
2423
2424
2425
2427
2428
2430
2432
2433
2435
2436
2437
2438
2439
2440
2441
2443
2445
2446
2447
2448
2449
2451
2452
2453
2457
2458
2459
2461
2463
2464
2466
2468
2469
2473
2475
2476
2477
2478
2480
2481
2482
2483
2484
2485
2487
2488
2489
2491
2493
2496
2497
2498
2500
2502
2503
2505
2507
2508
2510
2511
2512
2513
2514
2516
2518
2519
2522
2523
2526
2528
2530
2532
2537
2538
2539
2542
2544
2545
2546
2550
2554
2555
2556
2557
2559
2560
2561
2562
2564
2565
2566
2567
2568
2569
2573
2574
2575
2576
2578
2580
2581
2583
2586
2587
2589
2591
2592
2593
2594
2596
2597
2598
2601
2604
2605
2606
2607
2609
2611
2612
2613
2614
2615
2617
2618
2621
2624
2625
2626
2627
2628
2629
2630
2631
2632
2634
2635
2637
2638
2640
2641
2642
2643
2644
2646
2648
2653
2655
2657
2660
2661
2663
2664
2665
2666
2667
2668
2669
2670
2671
2672
2674
2677
2678
2680
2682
2683
2684
2685
2686
2687
2688
2689
2690
2691
2692
2694
2698
2699
2701
2702
2703
2704
2705
2706
2707
2708
2709
2710
2711
2714
2715
2716
2717
2720
2722
2723
2725
2726
2728
2730
2732
2734
2736
2737
2739
2740
2741
2743
2745
2748
2750
2751
2752
2753
2754
2755
2758
2759
2761
2763
2764
2765
2766
2768
2770
2771
2775
2778
2780
2781
2782
2783
2785
2786
2787
2788
2789
2790
2792
2793
2794
2795
2796
2797
2798
2799
2800
2801
2802
2804
2806
2808
2809
2810
2811
2813
2814
2815
2817
2818
2819
2821
2822
2824
2826
2830
2832
2833
2834
2835
2838
2839
2840
2841
2843
2844
2845
2847
2848
2849
2850
2852
2853
2854
2858
2859
2860
2862
2863
2865
2866
2868
2870
2872
2873
2874
2876
2879
2881
2882
2883
2885
2887
2888
2889
2890
2893
2895
2897
2899
2900
2901
2903
2905
2906
2907
2908
2909
2914
2917
2918
2919
2922
2923
2925
2927
2929
2930
2931
2933
2934
2935
2936
2938
2940
2944
2946
2947
2948
2949
2951
2953
2954
2955
2956
2958
2959
2960
2963
2964
2965
2966
2967
2968
2969
2970
2973
2974
2975
2976
2978
2979
2980
2982
2983
2984
2986
2987
2988
2989
2990
2991
2992
2993
2994
2997
2998
2999
3000
3002
3003
3004
3005
3006
3008
3009
3012
3013
3014
3016
3017
3018
3020
3021
3022
3023
3025
3026
3027
3028
3030
3032
3033
3034
3036
3037
3039
3041
3043
3044
3045
3046
3047
3048
3050
3052
3054
3057
3058
3059
3060
3061
3063
3064
3066
3068
3069
3070
3071
3072
3074
3075
3076
3078
3080
3081
3082
3083
3086
3087
3089
3090
3091
3092
3093
3095
3096
3097
3099
3100
3101
3102
3103
3104
3105
3106
3107
3108
3111
3112
3113
3114
3116
3117
3118
3122
3123
3124
3125
3127
3128
3129
3130
3131
3133
3134
3135
3137
3139
3140
3141
3142
3143
3144
3145
3146
3149
3150
3151
3154
3155
3156
3159
3160
3161
3163
3165
3167
3168
3172
3173
3175
3176
3177
3179
3180
3181
3182
3184
3187
3189
3190
3192
3193
3194
3195
3197
3198
3199
3201
3204
3208
3209
3210
3212
3213
3214
3215
3216
3218
3219
3220
3221
3222
3223
3225
3227
3228
3229
3230
3232
3234
3235
3237
3239
3241
3242
3243
3247
3248
3249
3250
3254
3256
3258
3259
3260
3261
3262
3263
3264
3265
3266
3268
3270
3272
3274
3276
3277
3278
3279
3280
3281
3282
3284
3285
3286
3287
3290
3293
3294
3295
3297
3298
3299
3301
3302
3303
3304
3306
3307
3308
3309
3310
3311
3312
3313
3314
3315
3316
3317
3318
3320
3321
3322
3324
3325
3326
3327
3328
3329
3330
3331
3332
3333
3336
3337
3341
3342
3343
3344
3345
3346
3347
3348
3349
3350
3351
3352
3354
3355
3357
3358
3359
3360
3362
3363
3364
3366
3369
3370
3372
3374
3376
3377
3378
3379
3380
3381
3382
3383
3384
3387
3390
3392
3393
3394
3395
3397
3399
3400
3401
3402
3404
3405
3406
3407
3408
3412
3413
3414
3415
3416
3418
3420
3421
3422
3423
3424
3426
3427
3428
3429
3430
3431
3433
3434
3436
3437
3438
3440
3442
3443
3444
3445
3446
3447
3450
3451
3452
3453
3455
3456
3458
3459
3460
3462
3463
3464
3465
3467
3468
3469
3471
3472
3473
3474
3475
3477
3478
3479
3482
3484
3485
3486
3487
3490
3492
3493
3496
3499
3500
3501
3502
3505
3506
3507
3508
3510
3511
3512
3514
3518
3519
3520
3521
3523
3524
3525
3526
3530
3531
3532
3533
3535
3536
3537
3539
3541
3543
3545
3546
3547
3548
3550
3551
3553
3554
3555
3556
3557
3559
3560
3561
3562
3564
3565
3566
3567
3568
3569
3571
3572
3574
3575
3576
3578
3579
3581
3583
3584
3585
3586
3587
3588
3590
3591
3592
3594
3596
3598
3599
3601
3603
3605
3606
3608
3609
3610
3611
3612
3613
3614
3615
3616
3618
3619
3620
3622
3623
3624
3625
3626
3627
3628
3630
3632
3633
3635
3636
3637
3639
3640
3641
3643
3644
3646
3647
3648
3651
3653
3655
3657
3660
3662
3663
3664
3665
3666
3667
3669
3670
3671
3672
3673
3675
3676
3678
3679
3680
3682
3683
3685
3688
3689
3690
3691
3694
3695
3697
3698
3700
3701
3703
3706
3707
3708
3709
3711
3713
3714
3716
3718
3720
3723
3725
3726
3728
3729
3730
3732
3733
3734
3735
3739
3742
3744
3745
3746
3748
3749
3750
3752
3753
3754
3755
3757
3759
3761
3762
3763
3766
3767
3768
3769
3770
3773
3774
3775
3776
3777
3778
3779
3780
3781
3784
3786
3788
3790
3791
3792
3794
3795
3796
3798
3799
3800
3802
3803
3806
3808
3809
3811
3813
3814
3815
3816
3817
3819
3820
3821
3823
3824
3826
3828
3830
3832
3835
3836
3837
3838
3839
3841
3842
3843
3844
3845
3846
3847
3848
3849
3850
3852
3854
3855
3857
3858
3859
3860
3861
3862
3863
3864
3865
3866
3867
3868
3869
3870
3871
3872
3875
3876
3877
3878
3880
3882
3883
3884
3885
3887
3888
3889
3893
3895
3896
3897
3898
3899
3900
3901
3903
3904
3905
3906
3907
3908
3909
3912
3914
3916
3918
3920
3922
3924
3925
3926
3927
3928
3929
3930
3931
3932
3934
3936
3938
3939
3942
3943
3945
3948
3949
3950
3952
3953
3954
3956
3957
3959
3961
3962
3963
3966
3967
3968
3969
3970
3971
3974
3975
3976
3978
3980
3981
3983
3985
3987
3988
3989
3990
3993
3995
3997
3998
3999
4001
4003
4005
4008
4010
4012
4014
4015
4016
4017
4019
4021
4024
4025
4027
4029
4031
4032
4033
4034
4035
4036
4037
4038
4040
4042
4043
4044
4045
4048
4050
4051
4052
4053
4054
4056
4058
4060
4062
4063
4065
4066
4067
4068
4069
4070
4072
4074
4075
4076
4078
4079
4081
4082
4083
4084
4085
4086
4087
4091
4093
4094
4095
4096
4097
4099
4100
4101
4102
4103
4104
4105
4106
4107
4109
4111
4113
4115
4117
4118
4119
4120
4121
4123
4124
4125
4126
4130
4131
4132
4134
4136
4137
4138
4140
4142
4144
4146
4147
4148
4149
4150
4153
4156
4157
4158
4159
4160
4161
4163
4164
4165
4167
4170
4171
4172
4174
4176
4178
4180
4181
4183
4184
4185
4186
4188
4190
4192
5090
5091
5092
5093
5094
5095
5096
5097
5098
5099
5100
5101
5102
5103
5104
5105
5106
5107
5108
5109
5110
5111
5112
5113
5114
5115
5116
5117
5118
5119
5120
5121
5122
5123
5124
5125
5126
5127
5128
5129
5130
5131
5132
5133
5134
5135
5136
5137
5138
5139
5140
5141
5142
5143
5144
5145
5146
5147
5148
5149
5150
5151
5152
5153
5154
5155
5156
5157
5158
5159
5160
5161
5162
5163
5164
5165
5166
5167
5168
5169
5170
5171
5172
5173
5174
5175
5176
5177
5178
5179
5180
5181
5182
5183
5184
5185
5186
5187
5188
5189
5190
5191
5192
5193
5194
5195
5196
5197
5198
5199
5200
5201
5202
5203
5204
5205
5206
5207
5208
5209
5210
5211
5212
5213
5214
5215
5216
5217
5218
5219
5220
5221
5222
5223
5224
5225
5226
5227
5228
5229
5230
5231
5232
5233
5234
5235
5236
5237
5238
5239
5240
5241
5242
5243
5244
5245
5246
5247
5248
5249
5250
5251
5252
5253
5254
5255
5256
5257
5258
5259
5260
5261
5262
5263
5264
5265
5266
5267
5268
5269
5270
5271
5272
5273
5274
5275
5276
5277
5278
5279
5280
5281
5282
5283
5284
5285
5286
5287
5288
5289
5290
5291
5292
5293
5294
5295
5296
5297
5298
5299
5300
5301
5302
5303
5304
5305
5306
5307
5308
5309
5310
5311
5312
5313
5314
5315
5316
5317
5318
5319
5320
5321
5322
5323
5324
5325
5326
5327
5328
5329
5330
5331
5332
5333
5334
5335
5336
5337
5338
5339
5340
5341
5342
5343
5344
5345
5346
5347
5348
5349
5350
5351
5352
5353
5354
5355
5356
5357
5358
5359
5360
5361
5362
5363
5364
5365
5366
5367
5368
5369
5370
5371
5372
5373
5374
5375
5376
5377
5378
5379
5380
5381
5382
5383
5384
5385
5386
5387
5388
5389
5390
5391
5392
5393
5394
5395
5396
5397
5398
5399
5400
5401
5402
5403
5404
5405
5406
5407
5408
5409
5410
5411
5412
5413
5414
5415
5416
5417
5418
5419
5420
5421
5422
5423
5424
5425
5426
5427
5428
5429
5430
5431
5432
5433
5434
5435
5436
5437
5438
5439
5440
5441
5442
5443
5446
5448
5449
5451
5453
5455
5460
5465
5468
5471
5472
5473
5477
5479
5480
5482
5484
5491
5495
5504
5512
5513
5514
5516
5518
5519
5530
5532
5534
5535
5536
5540
5543
5546
5547
5554
5555
5559
5562
5568
5580
5582
5584
5585
5592
5594
5597
5602
5605
5610
5613
5618
5621
5623
5626
5628
5630
5633
5638
5640
5643
5651
5660
5664
5669
5673
5679
5685
5686
5691
5692
5694
5695
5702
5703
5707
5708
5710
5712
5713
5715
5717
5718
5719
5723
5727
5728
5729
5732
5735
5737
5739
5740
5743
5747
5749
5750
5754
5757
5758
5759
5762
5765
5773
5774
5775
5776
5778
5779
5780
5782
5786
5788
5796
5800
5801
5802
5803
5811
5814
5815
5817
5818
5820
5822
5824
5826
5828
5830
5832
5833
5834
5836
5838
5839
5840
5841
5842
5843
5844
5845
5846
5847
5848
5849
5850
5852
5853
5854
5855
5857
5858
5859
5860
5861
5862
5863
5918
5919
5920
5921
5922
5923
5924
5925
5926
5935
5936
5937
5939
5940
5941
5942
5944
5946
5947
5949
5950
5951
5952
5953
5954
5955
5956
5958
5959
5960
5961
5963
5964
5965
5966
5967
5968
5969
5970
5972
5973
5975
5976
5977
5978
5979
5980
5982
5983
5984
5985
5987
5988
5990
5992
5994
5995
5997
5998
6000
6001
6002
6003
6005
6007
6008
6009
6010
6011
6012
6013
6014
6015
6016
6017
6019
6020
6021
6022
6023
6024
6026
6028
6030
6031
6032
6033
6034
6035
6036
6037
6038
6039
6040
6042
6043
6044
6045
6046
6047
6048
6049
6050
6051
6052
6053
6054
6055
6056
6057
6058
6059
6060
6061
6062
6063
6064
6066
6073
6076
6081
6090
6091
6093
6094
6097
6100
6102
6104
6107
6110
6112
6114
6117
6119
6121
6123
6125
6127
6130
6132
6134
6137
6139
6142
6144
6146
6149
6152
6153
6156
6158
6160
6163
6166
6169
6170
6172
6174
6176
6180
6184
6187
6189
6191
6193
6196
6199
6201
6204
6205
6208
6211
6213
6216
6219
6220
6222
6224
6226
6227
6228
6230
6232
6234
6235
6236
6238
6240
6241
6242
6244
6246
6248
6249
6250
6251
6252
6254
6255
6256
6258
6260
6262
6263
6264
6266
6267
6268
6269
6270
6272
6273
6274
6276
6277
6278
6280
6282
6283
6284
6286
6288
6290
6291
6294
6296
6298
6299
6300
6302
6304
6306
6308
6309
6310
6312
6314
6316
6318
6320
6322
6324
6326
6328
6329
6330
6332
6334
6336
6338
6340
6342
6344
6346
6348
6350
6351
6352
6353
6354
6356
6358
6360
6362
6364
6366
6368
6369
6370
6372
6373
6374
6376
6378
6380
6382
6383
6384
6386
6388
6390
6392
6394
6395
6396
6397
6398
6400
6402
6403
6404
6406
6408
6409
6410
6411
6412
6414
6416
6418
6420
6422
6424
6425
6426
6427
6428
6429
6430
6432
6434
6436
6438
6440
6441
6442
6444
6445
6446
6448
6449
6450
6452
6454
6455
6456
6458
6460
6462
6464
6466
6467
6468
6470
6471
6472
6474
6476
6478
6479
6480
6481
6482
6484
6486
6487
6488
6490
6492
6493
6494
6496
6498
6500
6502
6504
6506
6507
6508
6510
6511
6512
6514
6515
6516
6518
6520
6522
6524
6526
6528
6530
6531
6532
6534
6536
6538
6540
6542
6544
6545
6546
6548
6550
6552
6554
6555
6556
6558
6560
6561
6562
6563
6564
6566
6568
6570
6572
6574
6576
6578
6580
6582
6584
6585
6586
6588
6590
6592
6594
6596
6598
6599
6600
6601
6602
6603
6604
6605
6606
6608
6609
6610
6612
6614
6616
6618
6620
6622
6624
6625
6626
6628
6630
6632
6634
6636
6638
6639
6640
6642
6643
6644
6646
6648
6649
6650
6652
6654
6656
6658
6659
6660
6661
6662
6664
6666
6668
6670
6671
6672
6674
6676
6678
6680
6682
6683
6684
6686
6688
6689
6690
6691
6692
6694
6696
6697
6698
6700
6702
6704
6706
6708
6710
6712
6714
6715
6716
6718
6719
6720
6722
6724
6726
6728
6730
6732
6734
6736
6737
6738
6740
6742
6744
6746
6748
6750
6752
6754
6756
6758
6760
6762
6764
6766
6768
6769
6770
6771
6772
6774
6776
6778
6780
6782
6784
6785
6786
6788
6789
6790
6792
6794
6795
6796
6798
6800
6802
6804
6805
6806
6808
6809
6810
6812
6814
6816
6818
6820
6821
6822
6824
6825
6826
6828
6830
6832
6834
6836
6838
6839
6840
6842
6844
6846
6847
6848
6850
6852
6853
6854
6856
6858
6860
6862
6864
6866
6868
6870
6872
6874
6876
6878
6880
6882
6884
6885
6886
6887
6888
6890
6892
6894
6896
6898
6900
6902
6904
6906
6908
6910
6912
6914
6916
6917
6918
6920
6922
6924
6926
6928
6930
6932
6934
6936
6937
6938
6940
6942
6944
6946
6947
6948
6950
6952
6954
6956
6958
6960
6962
6964
6966
6968
6970
6972
6974
6976
6978
6980
6982
6984
6986
6987
6988
6990
6991
6992
6994
6996
6998
7000
7002
7004
7006
7007
7008
7009
7010
7012
7014
7016
7018
7020
7022
7024
7025
7026
7027
7028
7030
7032
7034
7036
7038
7040
7042
7043
7044
7046
7048
7050
7051
7052
7054
7056
7058
7060
7062
7064
7066
7067
7068
7070
7072
7074
7076
7078
7080
7082
7084
7086
7088
7090
7092
7094
7096
7098
7100
7102
7104
7106
7108
7109
7110
7111
7112
7114
7116
7118
7120
7122
7124
7126
7127
7128
7130
7132
7134
7136
7138
7140
7142
7144
7146
7148
7150
7152
7154
7156
7158
7160
7162
7164
7166
7167
7168
7170
7172
7173
7174
7175
7176
7178
7180
7182
7184
7185
7186
7188
7190
7192
7194
7196
7198
7200
7202
7204
7206
7208
7210
7212
7214
7216
7218
7219
7220
7222
7224
7226
7228
7230
7232
7234
7236
7238
7240
7242
7244
7246
7248
7250
7252
7254
7256
7258
7259
7260
7262
7263
7264
7266
7267
7268
7270
7272
7274
7276
7278
7280
7282
7284
7286
7287
7288
7290
7292
7294
7296
7298
7300
7302
7304
7306
7308
7310
7312
7313
7314
7316
7318
7319
7320
7322
7323
7324
7326
7327
7328
7330
7332
7334
7336
7338
7339
7340
7342
7344
7346
7348
7350
7352
7354
7356
7358
7360
7362
7364
7366
7368
7370
7372
7374
7376
7378
7380
7382
7384
7385
7386
7388
7390
7392
7394
7396
7398
7400
7402
7404
7405
7406
7408
7410
7412
7413
7414
7416
7417
7418
7419
7420
7422
7423
7424
7426
7428
7429
7430
7432
7434
7436
7438
7440
7442
7444
7445
7446
7448
7450
7452
7454
7456
7457
7458
7460
7461
7462
7464
7466
7467
7468
7470
7471
7472
7474
7476
7478
7480
7482
7484
7486
7487
7488
7490
7492
7494
7495
7496
7498
7500
7502
7504
7505
7506
7507
7508
7509
7510
7511
7512
7513
7514
7515
7516
7517
7518
7519
7520
7521
7522
7523
7524
7525
7528
7530
7532
7534
7536
7538
7540
7542
7544
7546
7548
7550
7552
7554
7556
7558
7559
7560
7562
7564
7566
7567
7568
7570
7573
7575
7576
7577
7579
7581
7583
7586
7588
7590
7592
7593
7594
7596
7598
7600
7603
7604
7605
7607
7608
7609
7611
7613
7615
7616
7618
7620
7622
7624
7626
7627
7628
7630
7632
7633
7634
7635
7636
7637
7638
7639
7640
7642
7644
7647
7648
7649
7651
7653
7654
7655
7656
7657
7659
7660
7661
7663
7665
7667
7669
7671
7673
7675
7677
7679
7681
7682
7683
7685
7687
7688
7690
7691
7692
7694
7696
7699
7700
7701
7703
7705
7707
7708
7709
7711
7713
7715
7718
7721
7722
7723
7725
7727
7729
7731
7733
7734
7735
7737
7739
7741
7743
7745
7747
7749
7750
7752
7754
7756
7757
7759
7761
7762
7763
7764
7765
7767
7769
7771
7773
7775
7776
7777
7778
7779
7781
7783
7784
7785
7789
7791
7793
7795
7797
7799
7800
7801
7803
7805
7806
7807
7809
7810
7811
7813
7815
7817
7819
7820
7821
7823
7824
7825
7827
7829
7830
7831
7832
7834
7836
7838
7840
7842
7844
7846
7848
7850
7852
7854
7856
7859
7861
7863
7865
7867
7869
7871
7873
7875
7876
7877
7879
7880
7881
7883
7885
7887
7889
7891
7893
7895
7897
7899
7901
7903
7905
7907
7909
7911
7912
7913
7915
7917
7919
7921
7923
7925
7927
7929
7931
7933
7935
7937
7938
7939
7942
7944
7946
7947
7948
7949
7950
7952
7954
7956
7957
7958
7959
7960
7962
7964
7966
7967
7968
7970
7971
7972
7974
7976
7978
7980
7982
7983
7984
7986
7988
7990
7992
7993
7994
7996
7998
8000
8002
8003
8004
8006
8007
8008
8010
8012
8014
8016
8018
8020
8022
8024
8026
8028
8030
8032
8033
8034
8036
8038
8039
8040
8041
8042
8044
8046
8047
8048
8050
8052
8053
8054
8056
8057
8058
8060
8062
8064
8066
8068
8069
8070
8072
8073
8074
8076
8078
8080
8082
8084
8086
8088
8090
8092
8094
8096
8098
8100
8101
8102
8104
8106
8108
8109
8110
8112
8114
8115
8116
8117
8118
8120
8122
8124
8126
8128
8130
8132
8134
8136
8137
8138
8140
8142
8144
8146
8148
8150
8152
8153
8154
8156
8157
8158
8159
8160
8162
8164
8166
8168
8170
8172
8174
8176
8178
8180
8181
8182
8184
8186
8188
8190
8192
8194
8196
8197
8198
8200
8202
8204
8206
8208
8210
8212
8214
8216
8218
8220
8221
8222
8224
8226
8228
8230
8232
8234
8235
8236
8238
8240
8242
8244
8246
8248
8249
8250
8251
8252
8254
8256
8258
8260
8262
8264
8266
8268
8270
8272
8274
8276
8278
8280
8282
8284
8286
8287
8288
8290
8292
8294
8295
8296
8297
8298
8300
8302
8304
8306
8308
8310
8312
8314
8315
8316
8318
8320
8322
8323
8324
8326
8328
8330
8332
8334
8336
8338
8339
8340
8342
8344
8346
8347
8348
8350
8352
8354
8356
8358
8359
8360
8361
8362
8363
8364
8366
8368
8370
8372
8374
8376
8378
8380
8382
8384
8386
8388
8390
8391
8392
8394
8396
8398
8400
8401
8402
8404
8406
8408
8410
8412
8414
8416
8418
8420
8422
8424
8426
8428
8430
8432
8434
8436
8438
8440
8442
8444
8446
8448
8449
8450
8452
8454
8456
8458
8460
8462
8464
8466
8468
8470
8472
8474
8476
8478
8480
8482
8483
8484
8486
8488
8490
8492
8494
8496
8498
8500
8502
8504
8506
8508
8510
8512
8514
8516
8518
8520
8522
8524
8526
8528
8530
8532
8534
8536
8538
8540
8542
8544
8546
8548
8550
8552
8554
8556
8558
8560
8562
8564
8566
8568
9466
9467
9468
9469
9470
9471
9472
9473
9474
9475
9476
9477
9478
9479
9480
9481
9482
9483
9484
9485
9486
9487
9488
9489
9490
9491
9492
9493
9494
9495
9496
9497
9498
9499
9500
9501
9502
9503
9504
9505
9506
9507
9508
9509
9510
9511
9512
9513
9514
9515
9516
9517
9518
9519
9520
9521
9522
9523
9524
9525
9526
9527
9528
9529
9530
9531
9532
9533
9534
9535
9536
9537
9538
9539
9540
9541
9542
9543
9544
9545
9546
9547
9548
9549
9550
9551
9552
9553
9554
9555
9556
9557
9558
9559
9560
9561
9562
9563
9564
9565
9566
9567
9568
9569
9570
9571
9572
9573
9574
9575
9576
9577
9578
9579
9580
9581
9582
9583
9584
9585
9586
9587
9588
9589
9590
9591
9592
9593
9594
9595
9596
9597
9598
9599
9600
9601
9602
9603
9604
9605
9606
9607
9608
9609
9610
9611
9612
9613
9614
9615
9616
9617
9618
9619
9620
9621
9622
9623
9624
9625
9626
9627
9628
9629
9630
9631
9632
9633
9634
9635
9636
9637
9638
9639
9640
9641
9642
9643
9644
9645
9646
9647
9648
9649
9650
9651
9652
9653
9654
9655
9656
9657
9658
9659
9660
9661
9662
9663
9664
9665
9666
9667
9668
9669
9670
9671
9672
9673
9674
9675
9676
9677
9678
9679
9680
9681
9682
9683
9684
9685
9686
9687
9688
9689
9690
9691
9692
9693
9694
9695
9696
9697
9698
9699
9700
9701
9702
9703
9704
9705
9706
9707
9708
9709
9710
9711
9712
9713
9714
9715
9716
9717
9718
9719
9720
9721
9722
9723
9724
9725
9726
9727
9728
9729
9730
9731
9732
9733
9734
9735
9736
9737
9738
9739
9740
9741
9742
9743
9744
9745
9746
9747
9748
9749
9750
9751
9752
9753
9754
9755
9756
9757
9758
9759
9760
9761
9762
9763
9764
9765
9766
9767
9768
9769
9770
9771
9772
9773
9774
9775
9776
9777
9778
9779
9780
9781
9782
9783
9784
9785
9786
9787
9788
9789
9790
9791
9792
9793
9794
9795
9796
9797
9798
9799
9800
9801
9802
9803
9804
9805
9806
9807
9808
9809
9810
9811
9812
9813
9814
9815
9816
9817
9818
9819
9820
9821
9822
9823
9824
9825
9826
9827
9828
9829
9830
9831
9832
9833
9834
9835
9836
9837
9838
9839
9840
9841
9842
9843
9844
9845
9846
9847
9848
9849
9850
9851
9852
9853
9854
9855
9856
9857
9858
9859
9860
9861
9862
9863
9864
9865
9866
9867
9868
9869
9870
9871
9872
9873
9874
9875
9876
9877
9878
9879
9880
9881
9882
9883
9884
9885
9886
9887
9888
9889
9890
9891
9892
9893
9894
9895
9896
9897
9898
9899
9900
9901
9902
9903
9904
9905
9906
9907
9908
9909
9910
9911
9912
9913
9914
9915
9916
9917
9918
9919
9920
9921
9922
9923
9924
9925
9926
9927
9928
9929
9930
9931
9932
9933
9934
9935
9936
9937
9938
9939
9940
9941
9942
9943
9944
9945
9946
9947
9948
9949
9950
9951
9952
9953
9954
9955
9956
9957
9958
9959
9960
9961
9962
9963
9964
9965
9966
9967
9968
9969
9970
9971
9972
9973
9974
9975
9976
9977
9978
9979
9980
9981
9982
9983
9984
9985
9986
9987
9988
9989
9990
9991
9992
9993
9994
9995
9996
9997
9998
9999
10000
10001
10002
10003
10004
10005
10006
10007
10008
10009
10010
10011
10012
10013
10014
10015
10016
10017
10018
10019
10020
10021
10022
10023
10024
10025
10026
10027
10028
10029
10030
10031
10032
10033
10034
10035
10036
10037
10038
10039
10040
10041
10042
10043
10044
10045
10046
10047
10048
10049
10050
10051
10052
10053
10054
10055
10056
10057
10058
10059
10060
10061
10062
10063
10064
10065
10066
10067
10068
10069
10070
10071
10072
10073
10074
10075
10076
10077
10078
10079
10080
10081
10082
10083
10084
10085
10086
10087
10088
10089
10090
10091
10092
10093
10094
10095
10096
10097
10098
10099
10100
10101
10102
10103
10104
10105
10106
10107
10108
10109
10110
10111
10112
10113
10114
10115
10116
10117
10118
10119
10120
10121
10122
10123
10124
10125
10126
10127
10128
10129
10130
10131
10132
10133
10134
10135
10136
10137
10138
10139
10140
10141
10142
10143
10144
10145
10146
10147
10148
10149
10150
10151
10152
10153
10154
10155
10156
10157
10158
10159
10160
10161
10162
10163
10164
10165
10166
10167
10168
10169
10170
10171
10172
10173
10174
10175
10176
10177
10178
10179
10180
10181
10182
10183
10184
10185
10186
10187
10188
10189
10190
10191
10192
10193
10194
10195
10196
10197
10198
10199
10200
10201
10202
10203
10204
10205
10206
10207
10208
10209
10210
10211
10212
10213
10214
10215
10216
10217
10218
10219
10220
10221
10222
10223
10224
10225
10226
10227
10228
10229
10230
10231
10232
10233
10234
10235
10236
10237
10238
10239
10240
10241
10242
10243
10244
10245
10246
10247
10248
10249
10250
10251
10252
10253
10254
10255
10256
10257
10258
10259
10260
10261
10262
10263
10264
10265
10266
10267
10268
10269
10270
10271
10272
10273
10274
10275
10276
10277
10279
10280
10281
10282
10283
10284
10285
10286
10287
10288
10289
10290
10291
10292
10293
10294
10295
10296
10297
10298
10299
10300
10301
10302
10303
10304
10305
10306
10307
10308
10309
10310
10311
10312
10313
10314
10315
10316
10317
10318
10319
10320
10321
10322
10323
10324
10325
10326
10327
10328
10329
10330
10331
10332
10333
10334
10335
10336
10337
10338
10339
10340
10341
10342
10343
10344
10345
10346
10347
10348
10349
10350
10351
10352
10353
10354
10355
10356
10357
10358
10359
10360
10361
10362
10363
10364
10365
10366
10367
10368
10369
10370
10371
10372
10373
10374
10375
10376
10377
10378
10379
10380
10381
10382
10383
10384
10385
10386
10387
10388
10389
10390
10391
10392
10393
10394
10395
10396
10397
10398
10399
10400
10401
10402
10403
10404
10405
10406
10407
10408
10409
10410
10411
10412
10413
10414
10415
10416
10417
10418
10419
10420
10421
10422
10423
10424
10425
10426
10427
10428
10429
10430
10431
10432
10433
10434
10435
10436
10437
10438
10439
10440
10441
10442
10443
10444
10445
10446
10447
10448
10449
10450
10451
10452
10453
10454
10455
10456
10457
10458
10459
10460
10461
10462
10463
10464
10465
10466
10467
10468
10469
10470
10471
10472
10473
10474
10475
10476
10477
10478
10479
10480
10481
10482
10483
10484
10485
10486
10487
10488
10489
10490
10491
10492
10493
10494
10495
10496
10497
10498
10499
10500
10501
10502
10503
10504
10505
10506
10507
10508
10509
10510
10511
10512
10513
10514
10515
10516
10517
10518
10519
10520
10521
10522
10523
10524
10525
10526
10527
10528
10529
10530
10531
10532
10533
10534
10535
10536
10537
10538
10539
10540
10541
10542
10543
10544
10545
10546
10547
10548
10549
10550
10551
10552
10553
10554
10555
10556
10557
10558
10559
10560
10561
10562
10563
10564
10565
10566
10567
10568
10569
10570
10571
10572
10573
10574
10575
10576
10577
10578
10579
10580
10581
10582
10583
10584
10585
10586
10587
10588
10589
10590
10591
10592
10593
10594
10595
10596
10597
10598
10599
10600
10601
10602
10603
10604
10605
10606
10607
10608
10609
10610
10611
10612
10613
10614
10615
10616
10617
10618
10619
10620
10621
10622
10623
10624
10625
10626
10627
10628
10629
10630
10631
10632
10633
10634
10635
10636
10637
10638
10639
10640
10641
10642
10643
10644
10645
10646
10647
10648
10649
10650
10651
10652
10653
10654
10655
10656
10657
10658
10659
10660
10661
10662
10663
10664
10665
10666
10667
10668
10669
10670
10671
10672
10673
10674
10675
10676
10677
10678
10679
10680
10681
10682
10683
10684
10685
10686
10687
10688
10689
10690
10691
10692
10693
10694
10695
10696
10697
10698
10699
10700
10701
10702
10703
10704
10705
10706
10707
10708
10709
10710
10711
10712
10713
10714
10715
10716
10717
10718
10719
10720
10721
10722
10723
10724
10725
10726
10727
10728
10729
10730
10731
10732
10733
10734
10735
10736
10737
10738
10739
10740
10741
10742
10743
10744
10745
10746
10747
10748
10749
10750
10751
10752
10753
10754
10755
10756
10757
10758
10759
10760
10761
10762
10763
10764
10765
10766
10767
10768
10769
10770
10771
10772
10773
10774
10775
10776
10777
10778
10779
10780
10781
10782
10783
10784
10785
10786
10787
10788
10789
10790
10791
10792
10793
10794
10795
10796
10797
10798
10799
10800
10801
10802
10803
10804
10805
10806
10807
10808
10809
10811
10812
10813
10814
10815
10816
10817
10818
10820
10822
10823
10824
10826
10827
10828
10829
10830
10832
10833
10835
10836
10837
10838
10840
10841
10843
10844
10845
10846
10848
10850
10851
10853
10856
10857
10858
10860
10862
10863
10864
10865
10866
10868
10869
10871
10872
10873
10874
10877
10878
10881
10884
10885
10886
10887
10888
10890
10891
10893
10894
10898
10901
10903
10904
10905
10906
10907
10908
10910
10911
10914
10915
10916
10918
10919
10920
10921
10925
10928
10929
10931
10932
10933
10936
10937
10939
10940
10941
10942
10943
10944
10945
10947
10948
10949
10950
10951
10952
10953
10955
10956
10957
10962
10964
10967
10969
10970
10971
10972
10974
10975
10976
10977
10978
10979
10980
10982
10983
10985
10987
10988
10989
10991
10993
10994
10996
10997
10998
10999
11000
11002
11004
11006
11007
11008
11009
11010
11012
11013
11015
11016
11018
11020
11021
11023
11024
11026
11027
11028
11031
11032
11033
11035
11038
11039
11040
11042
11045
11047
11048
11049
11050
11051
11052
11053
11054
11056
11057
11058
11059
11060
11061
11062
11064
11065
11066
11068
11069
11070
11071
11072
11073
11075
11076
11077
11078
11079
11080
11081
11083
11084
11085
11086
11087
11089
11090
11091
11093
11095
11096
11097
11098
11103
11105
11110
11111
11112
11113
11114
11115
11116
11120
11122
11124
11125
11127
11128
11129
11131
11134
11135
11136
11137
11138
11140
11141
11142
11143
11145
11146
11147
11148
11149
11150
11151
11152
11153
11155
11156
11157
11158
11159
11160
11161
11162
11163
11164
11165
11167
11168
11169
11170
11171
11172
11173
11175
11177
11179
11180
11181
11182
11184
11185
11188
11189
11190
11192
11193
11194
11195
11196
11197
11198
11199
11200
11201
11203
11204
11205
11207
11208
11209
11210
11211
11213
11214
11215
11217
11219
11220
11226
11229
11231
11232
11234
11236
11237
11238
11239
11240
11241
11242
11243
11244
11245
11246
11247
11249
11251
11252
11253
11254
11255
11256
11258
11259
11260
11261
11262
11263
11265
11266
11267
11269
11271
11272
11273
11275
11277
11278
11279
11280
11281
11286
11287
11288
11289
11290
11292
11294
11295
11296
11297
11298
11299
11300
11301
11302
11304
11305
11306
11307
11308
11309
11311
11313
11314
11317
11318
11319
11320
11322
11324
11325
11326
11328
11329
11330
11331
11333
11335
11336
11338
11339
11340
11341
11342
11344
11345
11346
11347
11348
11349
11350
11352
11353
11354
11355
11356
11357
11359
11360
11363
11367
11368
11369
11371
11372
11373
11375
11376
11387
11388
11390
11393
11394
11397
11398
11399
11400
11401
11404
11405
11406
11407
11408
11409
11410
11411
11415
11418
11419
11420
11421
11422
11425
11426
11427
11428
11430
11433
11434
11436
11437
11440
11443
11444
11445
11446
11448
11449
11450
11451
11452
11453
11454
11455
11457
11458
11459
11460
11461
11462
11464
11465
11466
11468
11469
11470
11471
11473
11474
11476
11477
11478
11479
11480
11481
11482
11483
11484
11486
11487
11488
11489
11490
11491
11492
11493
11494
11498
11499
11500
11501
11502
11503
11505
11507
11508
11510
11511
11512
11513
11515
11516
11517
11518
11519
11520
11521
11522
11523
11524
11526
11527
11528
11529
11534
11535
11536
11537
11538
11539
11540
11541
11542
11543
11544
11545
11548
11549
11555
11560
11561
11566
11567
11568
11569
11570
11571
11573
11574
11577
11578
11579
11580
11581
11582
11583
11584
11585
11586
11587
11588
11590
11591
11592
11593
11594
11596
11597
11598
11601
11602
11603
11604
11605
11606
11607
11608
11609
11610
11612
11614
11616
11617
11620
11622
11623
11625
11626
11627
11631
11633
11634
11635
11636
11637
11638
11640
11641
11642
11643
11645
11647
11649
11650
11652
11653
11654
11656
11658
11659
11660
11661
11662
11663
11664
11666
11667
11668
11670
11672
11673
11675
11676
11677
11678
11679
11680
11681
11682
11683
11684
11685
11686
11687
11689
11690
11691
11692
11693
11696
11697
11698
11700
11701
11702
11703
11704
11705
11706
11707
11708
11711
11712
11713
11714
11715
11716
11717
11718
11719
11720
11721
11722
11723
11724
11725
11726
11727
11729
11730
11732
11734
11735
11736
11737
11738
11739
11741
11742
11743
11744
11745
11746
11747
11748
11749
11750
11752
11764
11767
11770
11772
11777
11778
11779
11780
11781
11782
11783
11784
11785
11786
11787
11788
11789
11790
11793
11794
11795
11797
11798
11799
11800
11802
11803
11805
11806
11807
11808
11810
11812
11813
11814
11815
11817
11818
11820
11821
11822
11823
11824
11825
11829
11830
11831
11832
11833
11834
11835
11836
11838
11840
11842
11844
11846
11847
11848
11849
11850
11852
11855
11856
11857
11858
11859
11860
11861
11862
11863
11864
11865
11868
11869
11872
11874
11875
11877
11878
11879
11880
11881
11883
11884
11888
11889
11890
11891
11892
11893
11894
11895
11896
11897
11898
11899
11900
11901
11902
11903
11904
11905
11907
11908
11909
11910
11911
11912
11914
11915
11918
11920
11921
11922
11923
11924
11926
11927
11928
11929
11932
11933
11935
11936
11937
11938
11939
11940
11941
11942
11943
11944
11945
11947
11948
11950
11951
11952
11954
11955
11957
11958
11962
11963
11964
11965
11966
11967
11968
11969
11970
11971
11972
11973
11974
11975
11976
11977
11978
11980
11982
11990
11991
11992
11994
11995
12000
12001
12002
12003
12004
12005
12006
12007
12008
12009
12012
12014
12015
12016
12017
12018
12019
12020
12021
12022
12023
12024
12025
12026
12028
12029
12030
12031
12032
12033
12034
12035
12036
12037
12038
12040
12041
12042
12043
12044
12047
12048
12049
12050
12051
12052
12053
12055
12056
12057
12058
12059
12060
12063
12065
12066
12069
12070
12071
12072
12075
12076
12078
12079
12080
12081
12082
12083
12085
12086
12088
12091
12092
12094
12095
12100
12101
12102
12103
12105
12106
12107
12109
12111
12113
12115
12117
12120
12121
12122
12123
12124
12125
12126
12127
12128
12130
12131
12132
12133
12134
12135
12138
12139
12140
12142
12143
12144
12146
12147
12150
12151
12152
12153
12154
12155
12156
12157
12158
12160
12161
12162
12165
12166
12168
12169
12170
12172
12173
12174
12175
12176
12177
12178
12179
12181
12182
12183
12184
12185
12186
12187
12188
12189
12190
12191
12192
12193
12194
12195
12196
12197
12198
12200
12201
12204
12205
12206
12211
12212
12215
12216
12217
12218
12223
12228
12229
12230
12231
12232
12233
12234
12235
12236
12237
12238
12244
12245
12246
12247
12249
12250
12251
12252
12253
12254
12256
12257
12259
12260
12262
12263
12265
12266
12267
12268
12270
12271
12273
12274
12275
12276
12277
12278
12279
12280
12281
12282
12283
12284
12285
12286
12287
12288
12289
12290
12293
12294
12295
12296
12297
12298
12299
12301
12302
12304
12305
12306
12307
12308
12309
12310
12311
12312
12314
12315
12317
12318
12319
12321
12322
12324
12325
12326
12327
12328
12329
12330
12331
12332
12333
12334
12335
12336
12337
12338
12339
12340
12342
12343
12347
12348
12352
12353
12354
12356
12357
12358
12359
12361
12362
12363
12364
12367
12368
12369
12370
12371
12372
12373
12374
12375
12376
12377
12378
12379
12380
12381
12382
12383
12384
12386
12387
12388
12390
12391
12392
12393
12394
12395
12396
12398
12399
12400
12401
12402
12404
12405
12406
12407
12408
12410
12411
12412
12414
12415
12416
12417
12418
12419
12421
12424
12429
12431
12433
12434
12435
12436
12437
12438
12447
12448
12449
12450
12451
12452
12453
12454
12456
12458
12459
12460
12461
12463
12464
12465
12466
12467
12468
12469
12470
12471
12472
12474
12476
12477
12478
12479
12480
12481
12482
12483
12484
12485
12487
12488
12489
12491
12492
12494
12495
12496
12497
12498
12499
12500
12501
12502
12505
12506
12507
12508
12509
12511
12512
12513
12514
12515
12516
12517
12518
12519
12520
12521
12522
12523
12526
12527
12528
12529
12530
12531
12533
12534
12536
12537
12538
12539
12540
12541
12542
12543
12544
12545
12546
12548
12549
12550
12554
12557
12558
12559
12561
12562
12567
12568
12569
12570
12572
12573
12575
12576
12577
12578
12579
12581
12582
12583
12585
12586
12587
12588
12589
12590
12591
12592
12593
12594
12596
12597
12598
12599
12600
12601
12603
12604
12605
12606
12607
12608
12609
12610
12611
12612
12617
12622
12625
12626
12628
12630
12633
12634
12635
12636
12637
12638
12639
12640
12641
12642
12643
12644
12645
12646
12647
12648
12650
12655
12656
12657
12658
12660
12662
12663
12664
12666
12667
12668
12670
12673
12674
12675
12676
12678
12679
12680
12681
12682
12683
12684
12686
12687
12689
12690
12691
12692
12693
12695
12696
12697
12698
12700
12701
12702
12703
12704
12705
12707
12708
12709
12711
12712
12713
12714
12715
12716
12717
12718
12719
12720
12721
12722
12723
12724
12725
12726
12727
12728
12730
12731
12732
12733
12734
12736
12737
12738
12739
12740
12741
12742
12743
12744
12745
12747
12748
12749
12750
12751
12752
12753
12754
12755
12757
12758
12759
12760
12761
12762
12763
12764
12765
12766
12767
12768
12769
12770
12771
12772
12773
12774
12777
12779
12780
12781
12782
12785
12786
12787
12788
12789
12790
12791
12794
12795
12796
12797
12799
12800
12803
12804
12805
12806
12807
12808
12810
12811
12813
12814
12816
12817
12818
12819
12820
12821
12822
12823
12824
12825
12826
12827
12828
12829
12830
12831
12833
12836
12837
12838
12839
12840
12841
12844
12851
12853
12854
12855
12856
12858
12862
12863
12864
12865
12866
12867
12869
12870
12871
12872
12873
12874
12876
12877
12879
12880
12881
12882
12883
12886
12887
12888
12889
12890
12891
12892
12893
12894
12895
12896
12897
12903
12906
12907
12908
12909
12910
12911
12912
12913
12914
12915
12916
12917
12918
12921
12922
12923
12925
12926
12927
12928
12929
12930
12931
12933
12934
12935
12937
12938
12939
12940
12941
12942
12944
12945
12946
12947
12948
12950
12951
12952
12953
12954
12955
12956
12957
12958
12959
12960
12961
12962
12963
12964
12965
12966
12967
12968
12969
12970
12971
12972
12973
12974
12975
12976
12977
12978
12979
12980
12981
12982
12983
12984
12985
12986
12988
12989
12990
12993
12994
12996
12997
12999
13001
13002
13003
13004
13006
13008
13009
13011
13013
13014
13015
13016
13017
13018
13019
13021
13022
13024
13025
13026
13029
13030
13032
13033
13034
13037
13038
13039
13042
13043
13044
13045
13046
13048
13049
13050
13051
13052
13053
13054
13055
13056
13057
13064
13065
13066
13067
13069
13070
13071
13073
13076
13077
13078
13079
13081
13082
13083
13084
13085
13086
13089
13090
13091
13092
13093
13094
13095
13096
13098
13100
13102
13103
13106
13108
13109
13110
13111
13112
13114
13115
13116
13119
13121
13123
13124
13126
13129
13131
13133
13134
13135
13136
13137
13139
13140
13141
13142
13147
13148
13149
13151
13152
13154
13155
13158
13159
13160
13162
13163
13164
13165
13167
13169
13170
13171
13172
13173
13174
13175
13176
13177
13178
13182
13183
13184
13185
13186
13187
13188
13189
13192
13193
13194
13195
13196
13197
13198
13199
13200
13207
13208
13209
13210
13211
13212
13214
13215
13216
13217
13218
13219
13220
13221
13223
13225
13228
13229
13230
13231
13232
13233
13234
13235
13236
13237
13238
13239
13241
13242
13243
13244
13245
13246
13247
13249
13251
13252
13253
13254
13255
13256
13258
13259
13260
13262
13263
13264
13266
13267
13268
13269
13270
13271
13274
13275
13276
13277
13278
13279
13281
13282
13283
13284
13285
13286
13287
13288
13290
13291
13292
13293
13296
13297
13298
13299
13301
13302
13304
13305
13306
13307
13308
13309
13310
13311
13312
13313
13315
13316
13318
13320
13321
13323
13325
13326
13327
13329
13330
13331
13332
13334
13335
13336
13337
13338
13339
13340
13341
13342
13343
13344
13345
13347
13348
13349
13350
13351
13352
13354
13355
13356
13357
13358
13360
13361
13363
13364
13367
13368
13369
13370
13371
13372
13373
13377
13378
13385
13386
13387
13388
13389
13392
13393
13394
13396
13399
13401
13402
13403
13405
13406
13408
13409
13410
13415
13416
13417
13418
13424
13425
13426
13427
13428
13429
13430
13431
13432
13438
13439
13440
13441
13442
13443
13447
13448
13449
13450
13451
13452
13454
13455
13457
13458
13459
13460
13461
13463
13464
13465
13466
13467
13468
13469
13470
13471
13472
13473
13474
13475
13478
13479
13480
13481
13482
13483
13485
13486
13487
13489
13490
13491
13492
13493
13494
13495
13496
13497
13498
13499
13500
13501
13502
13505
13506
13507
13508
13509
13510
13511
13516
13518
13519
13520
13521
13523
13526
13527
13528
13529
13530
13531
13532
13533
13534
13536
13537
13538
13540
13541
13542
13543
13544
13545
13547
13548
13549
13550
13552
13553
13555
13556
13557
13558
13559
13565
13567
13569
13570
13571
13572
13574
13575
13576
13577
13578
13579
13580
13581
13582
13583
13584
13585
13586
13587
13591
13592
13593
13594
13595
13596
13597
13598
13599
13600
13601
13603
13604
13605
13606
13607
13608
13609
13610
13611
13612
13613
13618
13619
13620
13621
13622
13624
13626
13627
13628
13629
13630
13631
13632
13633
13634
13635
13638
13639
13640
13641
13642
13643
13644
13645
13646
13647
13648
13649
13651
13652
13653
13654
13655
13656
13657
13658
13659
13660
13661
13662
13663
13667
13668
13669
13670
13671
13672
13675
13677
13679
13680
13681
13682
13683
13684
13685
13686
13687
13688
13689
13691
13694
13697
13698
13699
13700
13701
13705
13706
13707
13709
13710
13711
13712
13715
13720
13721
13722
13723
13724
13725
13726
13727
13728
13730
13731
13733
13734
13735
13736
13737
13738
13740
13741
13742
13743
13744
13745
13746
13747
13750
13751
13752
13753
13754
13755
13756
13757
13758
13759
13760
13761
13762
13763
13765
13766
13767
13768
13769
13770
13772
13773
13774
13775
13776
13777
13778
13780
13781
13782
13783
13784
13785
13786
13787
13788
13789
13790
13792
13793
13795
13796
13801
13804
13805
13806
13807
13808
13809
13810
13812
13813
13814
13815
13817
13819
13820
13822
13823
13824
13826
13827
13828
13829
13830
13832
13833
13834
13835
13836
13837
13838
13839
13840
13841
13842
13843
13844
13845
13846
13847
13849
13850
13851
13852
13853
13854
13856
13857
13858
13859
13861
13862
13864
13865
13866
13867
13868
13869
13870
13871
13872
13873
13875
13876
13878
13879
13880
13881
13882
13883
13884
13886
13887
13888
13889
13890
13891
13892
13893
13894
13896
13897
13899
13900
13902
13903
13904
13905
13906
13907
13908
13909
13910
13911
13913
13914
13915
13916
13917
13919
13920
13921
13922
13923
13924
13925
13926
13927
13928
13932
13933
13934
13936
13937
13939
13940
13941
13942
13944
13945
13947
13948
13949
13950
13951
13952
13953
13954
13955
13957
13961
13962
13963
13965
13966
13967
13968
13969
13970
13972
13973
13974
13975
13976
13979
13980
13981
13982
13983
13985
13986
13987
13988
13989
13990
13991
13992
13993
13994
13996
13997
13998
13999
14000
14001
14002
14003
14005
14006
14007
14008
14009
14010
14011
14012
14013
14014
14016
14017
14019
14020
14021
14022
14023
14024
14025
14027
14028
14029
14032
14033
14034
14035
14036
14037
14038
14039
14040
14041
14046
14047
14048
14049
14050
14051
14052
14053
14054
14055
14057
14058
14059
14060
14061
14062
14063
14064
14065
14066
14067
14068
14069
14070
14071
14074
14075
14076
14077
14079
14080
14081
14082
14083
14085
14086
14087
14088
14089
14092
14093
14094
14095
14096
14097
14098
14100
14102
14103
14105
14106
14107
14108
14109
14110
14111
14112
14113
14115
14116
14117
14118
14119
14120
14124
14126
14128
14129
14130
14131
14133
14134
14135
14137
14138
14140
14141
14142
14144
14145
14146
14148
14149
14150
14151
14152
14153
14154
14155
14156
14157
14158
14159
14160
14161
14162
14163
14164
14165
14166
14167
14168
14169
14170
14171
14173
14179
14180
14182
14184
14185
14186
14187
14188
14192
14193
14198
14199
14200
14201
14202
14203
14204
14206
14207
14208
14209
14210
14211
14212
14213
14214
14215
14216
14217
14218
14219
14220
14221
14224
14225
14226
14227
14228
14229
14231
14232
14234
14235
14236
14238
14239
14240
14241
14242
14243
14244
14245
14246
14247
14249
14250
14255
14256
14257
14258
14259
14260
14261
14262
14263
14264
14265
14266
14267
14268
14270
14271
14272
14273
14274
14275
14276
14277
14278
14279
14280
14282
14283
14284
14285
14286
14288
14290
14291
14292
14293
14294
14295
14300
14302
14304
14305
14307
14308
14309
14310
14311
14312
14313
14315
14316
14318
14319
14320
14321
14322
14323
14324
14325
14326
14327
14328
14329
14330
14331
14332
14333
14335
14337
14338
14339
14340
14341
14343
14344
14346
14349
14351
14352
14353
14355
14356
14366
14367
14368
14369
14370
14371
14372
14373
14374
14375
14376
14378
14380
14382
14383
14384
14385
14386
14387
14388
14389
14390
14391
14392
14393
14394
14395
14396
14397
14398
14399
14400
14401
14404
14406
14407
14409
14410
14412
14413
14414
14415
14416
14417
14418
14419
14420
14421
14422
14423
14424
14425
14426
14427
14428
14429
14430
14431
14433
14434
14435
14437
14438
14439
14440
14441
14442
14443
14444
14445
14446
14447
14448
14449
14450
14451
14452
14453
14454
14455
14456
14457
14458
14459
14460
14461
14462
14464
14465
14466
14467
14468
14469
14471
14473
14475
14476
14477
14478
14479
14483
14484
14485
14486
14487
14488
14489
14490
14491
14492
14493
14494
14495
14496
14497
14498
14499
14500
14501
14504
14506
14507
14508
14509
14510
14511
14512
14513
14514
14515
14516
14518
14519
14520
14521
14522
14523
14524
14525
14526
14527
14528
14529
14530
14532
14534
14535
14537
14538
14539
14540
14541
14542
14543
14544
14545
14546
14547
14548
14549
14550
14551
14552
14553
14554
14555
14556
14557
14558
14559
14562
14563
14564
14565
14567
14568
14569
14572
14575
14579
14580
14581
14582
14583
14584
14585
14587
14594
14602
14603
14623
14627
14628
14630
14631
14634
14638
14640
14647
14654
14662
14665
14666
14680
14686
14689
14694
14695
14700
14702
14706
14712
14716
14718
14722
14723
14724
14732
14733
14747
14753
14755
14756
14757
14758
14763
14765
14770
14771
14773
14779
14781
14783
14788
14793
14795
14803
14809
14811
14819
14828
14834
14838
14843
14844
14846
14848
14849
14851
14856
14857
14859
14863
14868
14869
14876
14877
14887
14890
14891
14892
14894
14897
14903
14904
14910
14912
14915
14921
14925
14930
14931
14935
14937
14938
14940
14941
14945
14946
14950
14952
14953
14954
14957
14961
14963
14969
14970
14971
14974
14975
14979
14982
14990
14991
14992
15000
15002
15003
15009
15020
15023
15030
15031
15034
15035
15039
15041
15044
15047
15050
15056
15058
15063
15070
15075
15079
15081
15082
15085
15086
15088
15089
15090
15092
15103
15104
15105
15109
15115
15117
15119
15121
15133
15136
15138
15143
15153
15155
15156
15157
15166
15170
15171
15175
15176
15177
15179
15180
15184
15186
15187
15189
15194
15197
15200
15201
15202
15203
15204
15205
15207
15215
15217
15220
15222
15225
15228
15230
15232
15233
15236
15238
15241
15243
15247
15250
15253
15255
15262
15263
15264
15265
15266
15273
15281
15282
15283
15287
15290
15293
15297
15301
15303
15305
15308
15314
15315
15316
15317
15323
15331
15335
15337
15340
15347
15348
15350
15351
15352
15353
15354
15355
15356
15358
15366
15367
15370
15373
15375
15377
15385
15389
15390
15392
15396
15399
15406
15407
15408
15409
15410
15412
15417
15420
15424
15426
15431
15433
15434
15436
15439
15442
15444
15445
15446
15448
15452
15454
15458
15461
15464
15473
15476
15481
15485
15487
15493
15495
15497
15498
15501
15502
15504
15510
15515
15516
15519
15520
15524
15527
15531
15532
15544
15546
15550
15552
15554
15555
15557
15560
15564
15565
15570
15575
15587
15591
15596
15598
15599
15603
15606
15621
15622
15624
15627
15630
15632
15633
15638
15640
15648
15652
15653
15654
15658
15659
15660
15665
15666
15670
15672
15682
15686
15688
15689
15691
15694
15696
15702
15703
15704
15705
15709
15710
15716
15717
15725
15730
15733
15748
15749
15753
15757
15760
15766
15767
15776
15778
15780
15787
15792
15797
15805
15806
15807
15809
15810
15811
15812
15816
15818
15819
15820
15823
15825
15827
15828
15835
15837
15841
15843
15847
15848
15850
15853
15855
15859
15862
15863
15866
15871
15872
15873
15874
15877
15888
15889
15894
15898
15902
15906
15911
15913
15915
15917
15925
15926
15940
15948
15951
15952
15956
15957
15958
15959
15960
15966
15968
15971
15974
15979
15985
15990
15991
15993
15994
15995
16004
16009
16012
16015
16016
16018
16019
16020
16021
16022
16024
16025
16029
16030
16035
16037
16041
16042
16043
16044
16051
16056
16060
16066
16069
16070
16072
16078
16081
16090
16095
16097
16099
16105
16107
16123
16127
16128
16134
16135
16136
16143
16144
16145
16146
16148
16149
16150
16155
16159
16160
16162
16165
16168
16169
16175
16180
16181
16182
16184
16186
16187
16189
16191
16193
16197
16203
16206
16220
16222
16225
16226
16228
16231
16232
16233
16236
16237
16240
16242
16251
16258
16263
16265
16266
16284
16290
16292
16294
16300
16302
16309
16312
16313
16316
16324
16327
16329
16330
16349
16350
16353
16357
