24
25
26
27
28
29
30
31
32
33
34
35
38
44
112
113
114
115
116
117
118
119
120
121
122
123
140
141
142
143
144
145
146
147
148
149
150
151
212
213
214
215
216
217
218
219
220
221
222
223
224
225
226
227
234
236
239
380
381
382
383
384
385
386
387
388
389
390
391
404
405
428
429
430
431
432
433
434
435
436
437
438
439
440
441
442
443
448
455
624
625
628
629
672
673
674
675
676
677
678
679
688
689
690
691
692
693
694
695
720
721
722
723
724
725
726
727
728
729
730
731
732
733
734
735
736
737
738
739
740
741
742
743
744
745
749
754
757
758
760
762
763
765
767
769
771
773
775
777
778
779
781
783
784
785
787
793
801
804
848
849
896
897
898
899
900
901
902
903
1040
1041
1184
1185
1186
1187
1188
1189
1190
1191
