2772
2773
2774
2775
2776
2777
2778
2779
2780
2781
2782
2783
2784
2785
2786
2787
2788
2789
2790
2791
2792
2793
2794
2795
2796
2797
2798
2799
2800
2801
2802
2803
2804
2805
2806
2807
2808
2809
2810
2811
2812
2813
2814
2815
2816
2817
2818
2819
2820
2821
2822
2823
2824
2825
2826
2827
2828
2829
2830
2831
2832
2833
2834
2835
2836
2837
2838
2839
2840
2841
2842
2843
2844
2845
2846
2847
2848
2849
2850
2851
2852
2853
2854
2855
2856
2857
2858
2859
2860
2861
2862
2863
2864
2865
2866
2867
2868
2869
2870
2871
2872
2873
2874
2875
2876
2877
2878
2879
2880
2881
2882
2883
2884
2885
2886
2887
2888
2889
2890
2891
2892
2893
2894
2895
2896
2897
2898
2899
2900
2901
2902
2903
2904
2905
2906
2907
2908
2909
2910
2911
2912
2913
2914
2915
2916
2917
2918
2919
2920
2921
2922
2923
2924
2925
2926
2927
2928
2929
2930
2931
2932
2933
2934
2935
2936
2937
2938
2939
2940
2941
2942
2943
2944
2945
2946
2947
2948
2949
2950
2951
2952
2953
2954
2955
2956
2957
2958
2959
2960
2961
2962
2963
2964
2965
2966
2967
2968
2969
2970
2971
2972
2973
2974
2975
2976
2977
2978
2979
2980
2981
2982
2983
2984
2985
2986
2987
2988
2989
2990
2991
2992
2993
2994
2995
2996
2997
2998
2999
3000
3001
3002
3003
3004
3005
3006
3007
3008
3009
3010
3011
3012
3013
3014
3015
3016
3017
3018
3019
3020
3021
3022
3023
3024
3025
3026
3027
3028
3029
3030
3031
3032
3033
3034
3035
3036
3037
3038
3039
3040
3041
3042
3043
3044
3045
3046
3047
3048
3049
3050
3051
3052
3053
3054
3055
3056
3057
3058
3059
3060
3061
3062
3063
3064
3065
3066
3067
3068
3069
3070
3071
3072
3073
3074
3075
3076
3077
3078
3079
3080
3081
3082
3083
3084
3085
3086
3087
3088
3089
3090
3091
3092
3093
3094
3095
3096
3097
3098
3099
3100
3101
3102
3103
3104
3105
3106
3107
3108
3109
3110
3111
3112
3113
3114
3115
3116
3117
3118
3119
3120
3121
3122
3123
3124
3125
3126
3127
3128
3129
3130
3131
3132
3133
3134
3135
3136
3137
3138
3139
3140
3141
3142
3143
3144
3145
3146
3147
3148
3149
3150
3151
3152
3153
3154
3155
3157
3158
3160
3162
3163
3165
3167
3169
3171
3175
3177
3180
3185
3186
3187
3188
3191
3197
3198
3200
3202
3203
3204
3207
3208
3209
3212
3215
3216
3218
3222
3226
3228
3231
3233
3234
3235
3237
3239
3244
3245
3246
3249
3250
3252
3253
3254
3257
3258
3261
3263
3264
3267
3270
3271
3273
3276
3277
3278
3282
3283
3285
3289
3290
3292
3294
3299
3307
3308
3309
3310
3319
3325
3327
3331
3335
3336
3337
3338
3339
3341
3342
3344
3350
3351
3353
3356
3366
3368
3370
3373
3379
3382
3384
3391
3392
3400
3403
3405
3406
3408
3409
3415
3420
3423
3424
3425
3428
3431
3436
3438
3440
3441
3442
3452
3453
3455
3459
3461
3463
3464
3465
3470
3472
3474
3478
3481
3486
3493
3494
3496
3497
3498
3499
3500
3501
3510
3513
3514
3524
3530
3531
3532
3533
3534
3535
3536
3538
3540
3541
3542
3543
3544
3545
3546
3547
3548
3549
3550
3551
3552
3553
3554
3555
3556
3557
3558
3559
3560
3561
3562
3563
3564
3565
3566
3568
3570
3571
3572
3573
3574
3575
3576
3577
3578
3580
3581
3582
3583
3584
3586
3587
3588
3589
3590
3591
3592
3594
3595
3596
3597
3598
3599
3600
3602
3604
3605
3606
3608
3610
3612
3613
3614
3615
3616
3617
3618
3619
3620
3622
3624
3625
3626
3628
3629
3630
3631
3632
3634
3636
3638
3639
3640
3641
3642
3644
3646
3647
3648
3649
3650
3652
3653
3654
3655
3656
3657
3658
3659
3660
3662
3663
3664
3665
3666
3667
3668
3669
3670
3671
3672
3673
3674
3676
3677
3678
3679
3680
3681
3682
3684
3685
3686
3688
3689
3690
3692
3693
3694
3695
3696
3698
3699
3700
3702
3703
3704
3705
3706
3707
3708
3710
3712
3714
3716
3718
3719
3720
3721
3722
3723
3724
3726
3727
3728
3729
3730
3731
3732
3734
3735
3736
3737
3738
3739
3740
3741
3742
3743
3744
3746
3747
3748
3750
3751
3752
3754
3756
3757
3758
3760
3762
3764
3765
3766
3768
3770
3771
3772
3774
3776
3778
3779
3780
3781
3782
3784
3785
3786
3787
3788
3790
3792
3793
3794
3795
3796
3797
3798
3799
3800
3802
3804
3806
3807
3808
3810
3812
3813
3814
3816
3818
3819
3820
3822
3824
3825
3826
3828
3830
3832
3834
3835
3836
3838
3840
3841
3842
3844
3845
3846
3847
3848
3849
3850
3851
3852
3854
3855
3856
3857
3858
3860
3861
3862
3864
3866
3868
3870
3871
3872
3873
3874
3876
3877
3878
3880
3882
3884
3886
3888
3890
3891
3892
3894
3896
3897
3898
3900
3902
3904
3906
3908
3909
3910
3912
3914
3916
3917
3918
3919
3920
3921
3922
3924
3926
3928
3930
3931
3932
3934
3936
3937
3938
3939
3940
3942
3944
3946
3948
3949
3950
3952
3954
3955
3956
3958
3960
3962
3964
3966
3968
3970
3971
3972
3974
3976
3978
3979
3980
3982
3984
3986
3987
3988
3990
3992
3993
3994
3995
3996
3998
4000
4001
4002
4003
4004
4006
4008
4010
4012
4013
4014
4016
4018
4019
4020
4022
4023
4024
4026
4028
4030
4031
4032
4034
4036
4037
4038
4039
4040
4041
4042
4044
4046
4047
4048
4049
4050
4051
4052
4053
4054
4056
4058
4060
4062
4064
4066
4068
4070
4071
4072
4074
4076
4078
4079
4080
4082
4083
4084
4086
4088
4089
4090
4092
4094
4096
4098
4099
4100
4101
4102
4104
4105
4106
4108
4109
4110
4111
4112
4113
4114
4115
4116
4117
4118
4119
4120
4122
4123
4124
4126
4127
4128
4129
4130
4132
4134
4135
4136
4138
4140
4142
4143
4144
4145
4146
4147
4148
4150
4151
4152
4153
4154
4156
4158
4160
4162
4163
4164
4166
4168
4170
4172
4174
4176
4178
4179
4180
4181
4182
4184
4185
4186
4188
4190
4192
4193
4194
4195
4196
4197
4198
4200
4201
4202
4204
4206
4207
4208
4210
4212
4213
4214
4216
4218
4219
4220
4222
4223
4224
4226
4228
4230
4232
4233
4234
4236
4237
4238
4240
4242
4244
4245
4246
4247
4248
4249
4250
4251
4252
4253
4254
4255
4256
4257
4258
4260
4261
4262
4264
4265
4266
4267
4268
4269
4270
4271
4272
4274
4275
4276
4277
4278
4280
4281
4282
4284
4286
4287
4288
4290
4291
4292
4293
4294
4296
4298
4300
4301
4302
4303
4304
4306
4307
4308
4310
4311
4312
4314
4315
4316
4318
4319
4320
4322
4324
4325
4326
4327
4328
4329
4330
4331
4332
4334
4336
4338
4340
4341
4342
4344
4345
4346
4347
4348
4349
4350
4351
4352
4354
4356
4358
4360
4362
