24
25
40
41
44
45
46
47
66
67
70
71
72
73
98
99
100
101
104
105
106
107
134
135
136
137
140
141
142
143
144
145
172
173
176
177
180
181
182
183
184
185
186
187
216
217
220
221
222
223
224
225
226
227
228
229
230
231
268
269
270
271
274
275
276
277
278
279
280
281
282
283
284
285
322
323
324
325
328
329
330
331
332
333
334
335
336
337
338
339
340
341
384
385
390
391
392
393
394
395
396
397
398
399
400
401
402
403
448
449
454
455
456
457
458
459
460
461
462
463
464
465
478
520
521
526
527
528
529
530
531
532
533
534
535
536
537
552
598
599
600
601
602
603
604
605
606
607
608
609
618
619
664
665
666
667
668
669
670
671
672
673
678
679
718
719
720
721
722
723
724
725
726
727
728
729
766
767
768
769
770
771
774
775
776
777
804
805
1718
1723
1817
1828
2055
2088
2115
2168
2193
2231
2236
2247
2256
2270
2271
2272
2275
2287
2329
2330
2331
2332
2347
2348
2349
2350
2355
2363
2364
2365
2366
2367
2368
2370
2371
2372
2373
2445
2505
2558
2626
2660
2661
2662
2665
2719
2720
2721
2722
2737
2738
2739
2740
2745
2748
2753
2754
2755
2756
2758
2760
2761
2762
2763
2791
2795
2801
2805
2806
2812
2813
2815
2816
2827
2829
2835
2836
2840
2842
2854
2857
2859
2860
2869
2874
2875
2876
2878
2879
2894
2896
2898
2899
2901
2912
2918
2919
2920
2921
2924
2936
2938
2945
2948
2951
2952
2953
2957
2975
2981
2982
2986
2987
3001
3004
3005
3006
3010
3017
3018
3019
3020
3022
3025
3027
3036
3039
3040
3041
3044
3054
3055
3056
3058
3059
3060
3061
3065
3069
3070
3071
3072
3086
3091
3095
3098
3099
3100
3104
3111
3112
3113
3114
3118
3123
3129
3130
3131
3132
3136
3141
3146
3147
3148
3152
3175
3185
3258
3304
3366
3411
3455
3456
3470
3475
3479
3488
3496
3497
3498
3513
3514
3515
3516
3520
3525
3530
3531
3532
3666
3670
3674
3676
3704
3706
3712
3714
3748
3758
3796
3802
3806
3810
3854
3855
3856
3857
3858
3860
3861
3862
3864
3865
3868
3910
3912
3916
3917
3918
3919
3920
3921
3924
3925
3926
3927
3928
3929
3930
3931
3984
3985
3986
3987
3988
3992
3993
3994
3995
4052
4053
4058
4059
4060
4061
4064
4065
4066
4067
4130
4131
4132
4133
4136
4137
4138
4139
4190
4192
4193
4194
4195
4196
4197
4198
4199
4246
4247
4248
4249
4250
4251
4296
4297
4298
4299
4328
4329
