138
139
141
142
147
148
162
163
165
166
546
547
549
553
558
559
562
563
570
574
582
583
586
590
594
598
599
603
605
610
612
614
615
617
618
619
621
638
653
656
659
662
665
668
908
909
1334
1342
1346
1377
1378
1379
1395
1404
1428
1430
1458
1464
1508
1509
3592
3593
3594
3595
3596
3597
3598
3599
3600
3601
3603
3605
3611
3613
3615
3617
3619
3621
3622
3623
3624
3625
3626
3628
3630
3631
3649
3651
3655
3657
4118
4119
4128
4131
4136
4139
4148
4151
4166
4169
4298
4299
4308
4309
4310
4311
4345
4347
4349
4351
4352
4353
4358
4359
5015
5073
5118
5221
5297
5305
5306
5312
7098
7112
7113
7138
7215
7904
7906
7908
7910
7920
7922
8864
8865
8866
8867
8868
8869
8884
8890
8892
8896
8898
8900
8902
8904
8906
8907
8908
8909
8910
8912
8913
8914
8915
8916
8917
8918
8919
8921
8922
8923
8931
8932
8933
8934
8935
9009
9027
9035
9036
9039
9040
9042
9043
9044
9045
9047
9049
9053
9055
9057
9059
9061
9065
9067
9069
9073
9077
9078
9079
9080
9081
9083
9086
9093
9096
9097
9098
9113
9114
9115
9116
9117
9118
9121
9124
9402
9415
9426
9439
9453
9614
9615
9617
9620
9637
9639
9641
9644
9645
9646
9647
9648
9651
9653
9654
9657
9659
9663
9666
9667
9669
9674
9677
9679
9684
9689
9694
9704
9714
9724
9729
9733
9734
9738
9739
9743
9744
9748
9749
9752
9755
9800
10168
10197
10199
10209
10250
10453
10465
10472
10478
10534
10537
10538
10540
10541
10543
10544
10546
10548
10550
10552
10553
10555
10556
10558
10561
10562
10563
10566
10568
10570
10572
10573
10574
10575
10576
10578
10580
10581
10583
10865
10954
11064
11144
12596
12602
12629
12632
12659
12664
12668
12690
12718
12731
12769
13351
13371
13389
13522
13525
13527
15038
15039
15041
15042
15047
15048
15062
15063
15065
15066
