440
441
442
443
444
445
446
447
448
449
450
451
452
453
454
455
456
457
458
459
460
462
463
464
465
466
467
468
470
471
472
473
474
476
477
478
479
480
481
482
483
484
485
486
487
488
489
490
491
492
493
494
495
496
499
500
501
502
503
505
506
509
510
511
512
513
514
515
516
517
518
519
520
522
523
525
526
527
528
529
530
531
533
534
535
536
538
539
540
541
542
543
544
545
547
548
549
550
551
553
557
559
562
564
572
573
580
584
587
588
591
593
595
596
603
605
606
611
621
622
1100
1101
1102
1103
1104
1105
1106
1107
1108
1109
1110
1111
1112
1113
1114
1115
1116
1117
1118
1119
1120
1121
1122
1123
1124
1125
1126
1127
1128
1129
1130
1131
1132
1133
1134
1135
1136
1137
1138
1139
1140
1141
1142
1143
1144
1145
1146
1147
1148
1149
1150
1151
1152
1153
1154
1155
1156
1157
1158
1159
1160
1161
1162
1163
1164
1165
1166
1167
1168
1169
1170
1171
1172
1173
1174
1175
1176
1177
1178
1179
1180
1181
1182
1183
1184
1185
1186
1187
1188
1189
1190
1191
1192
1195
1198
1201
1202
1206
1209
1212
1216
1222
1224
1225
1226
1228
1234
1235
1238
1249
1250
1253
1254
1255
1257
1259
1263
1265
1269
1273
1283
1512
1513
1514
1515
1516
1517
1518
1519
1520
1521
1522
1523
1524
1525
1526
1527
1528
1529
1530
1531
1532
1533
1534
1535
1536
1537
1538
1539
1540
1541
1542
1543
1544
1545
1546
1547
1548
1549
1550
1551
1552
1553
1554
1555
1556
1557
1558
1559
1560
1561
1562
1563
1564
1565
1566
1567
1568
1569
1570
1571
1572
1573
1574
1575
1576
1577
1578
1579
1580
1581
1582
1583
1584
1585
1586
1587
1588
1589
1590
1591
1592
1593
1594
1595
1596
1597
1598
1599
1600
1601
1602
1603
1609
1615
1623
1627
1629
1636
1644
1647
1650
1654
1661
1671
1676
1677
1685
1694
1976
1977
2388
2389
2390
2391
2392
2393
2394
2395
2396
2397
2398
2399
3196
3197
3198
3199
3200
3201
3202
3203
3204
3205
3206
3207
3208
3209
3210
3211
3212
3213
3214
3215
3216
3217
3218
3219
3220
3221
3222
3223
3224
3225
3226
3227
3228
3229
3230
3231
3232
3233
3234
3235
3236
3237
3238
3239
3240
3241
3242
3243
3245
3247
3262
3263
3267
3275
3282
3296
3297
3298
3299
3300
3301
3302
3303
3304
3305
3306
3307
3696
3697
3698
3699
3700
3701
3702
3703
3704
3705
3706
3707
3708
3709
3710
3711
3712
3713
3714
3715
3716
3717
3718
3719
3720
3721
3722
3723
3724
3725
3726
3727
3728
3729
3730
3731
3732
3733
3735
3740
3748
3752
3756
3759
3768
3769
3772
3773
3774
3775
3776
3777
3778
3779
3788
3789
3790
3791
3792
3793
3794
3795
3804
3805
3806
3936
3937
3938
3939
3940
3941
3942
3943
3944
3945
3946
3947
3948
3949
3950
3951
3952
3953
3954
3955
3956
3957
3958
3959
3960
3961
3962
3963
3964
3965
3969
3970
3973
3978
3979
3982
3985
3986
3988
3992
3996
3999
4006
4007
4200
4201
4202
4516
4517
4518
4519
4520
4521
4522
4523
4524
4525
4526
4527
4528
4529
4530
4531
4532
4533
4534
4535
4536
4537
4538
4539
4540
4541
4542
4543
4544
4545
4546
4547
4548
4549
4550
4551
4552
4553
4554
4555
4556
4557
4558
4559
4560
4561
4562
4563
4564
4565
4566
4567
4568
4569
4570
4571
4572
4573
4574
4575
4576
4577
4578
4579
4580
4581
4582
4583
4584
4585
4586
4587
4588
4589
4590
4591
4592
4593
4594
4595
4596
4597
4598
4599
4600
4601
4602
4603
4604
4605
4606
4607
4608
4611
4613
4615
4620
4621
4624
4626
4635
4636
4645
4646
4656
4668
4669
4671
4672
4673
4674
4675
4689
4816
4817
4818
4819
4820
4821
4822
4823
4824
4825
4826
4827
4828
4829
4830
4831
4832
4833
4834
4835
4836
4837
4838
4839
4840
4841
4842
4843
4844
4845
4846
4847
4848
4849
4850
4851
4852
4853
4854
4855
4856
4857
4858
4859
4860
4861
4862
4863
4872
4880
4888
4893
4905
4912
4913
4914
4915
4916
4917
4918
4919
4920
4921
4922
4923
4924
4925
4926
4927
4928
4929
4930
4931
4932
4933
4934
4935
4936
4937
4938
4939
4940
4941
4942
4943
4944
4945
4946
4947
4948
4949
4950
4951
4952
4953
4954
4955
4956
4957
4958
4959
4960
4966
4969
4970
4976
4977
4982
4985
4987
4989
4992
4999
5001
5003
5007
5008
5009
5092
5093
5296
5297
5298
5299
5300
5301
5302
5303
5304
5305
5306
5307
5308
5309
5310
5311
5312
5313
5314
5315
5316
5317
5318
5319
5320
5321
5322
5323
5324
5325
5326
5327
5328
5329
5330
5331
5332
5333
5334
5335
5336
5337
5338
5339
5340
5341
5342
5343
5344
5345
5346
5347
5348
5349
5350
5351
5352
5353
5354
5355
5356
5357
5358
5359
5360
5361
5362
5363
5364
5365
5366
5367
5368
5369
5370
5371
5372
5373
5374
5375
5376
5377
5378
5379
5380
5381
5382
5383
5384
5385
5386
5387
5388
5397
5398
5399
5400
5402
5403
5405
5411
5418
5419
5421
5424
5428
5431
5433
5434
5436
5438
5440
5441
5448
5452
5453
5469
5470
6172
6173
6174
6175
6176
6177
6178
6179
6180
6181
6182
6183
6184
6185
6186
6187
6188
6189
6190
6191
6192
6193
6194
6195
6196
6197
6198
6199
6200
6201
6202
6203
6204
6205
6206
6207
6208
6209
6210
6211
6212
6213
6214
6215
6216
6217
6218
6219
6224
6231
6232
6235
6236
6240
6243
6246
6251
6255
6259
6261
6263
6267
