455
458
459
465
466
474
482
489
495
501
504
508
509
1110
1114
1116
1118
1119
1120
1122
1123
1124
1126
1127
1131
1132
1134
1136
1138
1139
1140
1142
1143
1144
1146
1147
1149
1151
1153
1155
1157
1515
1518
1519
1522
1523
1524
1525
1527
1529
1531
1535
1538
1539
1542
1543
1544
1546
1547
1549
1550
1551
1552
1553
1555
1556
1557
1559
1560
1561
1564
1568
1572
1576
1580
1581
1584
3212
3213
3214
3215
3216
3217
3218
3219
3220
3221
3222
3223
3224
3225
3226
3227
3232
3233
3234
3235
3236
3237
3238
3239
3240
3241
3242
3243
3700
3709
3716
3719
3722
3723
3727
3732
3804
3805
3986
3993
3998
4000
4002
4003
4006
4009
4519
4527
4552
4556
4576
4581
4585
4589
4590
4594
4598
4605
4607
4816
4817
4818
4820
4823
4825
4915
4917
4918
4920
4922
4924
4934
4936
4938
4939
4940
4941
4946
5306
5349
5350
5353
5354
5358
5361
5373
5374
6182
6184
6190
6192
6212
6213
6214
6215
6216
6217
6218
6219
