664
665
666
667
668
669
670
671
696
697
699
704
705
706
707
708
709
710
711
712
713
714
715
744
745
746
747
748
749
750
751
752
753
754
755
756
757
758
759
760
761
762
763
764
765
766
767
768
769
770
771
772
774
775
776
777
778
780
781
782
783
784
785
786
787
788
789
790
791
792
793
794
795
796
797
798
799
800
802
803
804
805
806
807
809
810
813
814
815
816
817
818
819
820
821
822
823
824
826
827
829
830
831
832
834
835
837
838
839
840
843
844
845
846
847
848
849
851
852
853
854
855
857
861
866
868
870
871
872
873
876
877
880
882
883
886
887
888
889
891
892
895
897
899
906
907
914
916
919
928
929
930
931
932
933
934
935
956
957
958
959
960
961
962
963
964
965
966
967
971
973
975
977
1240
1241
1242
1243
1244
1245
1246
1247
1248
1249
1250
1251
1255
1257
1264
1265
1272
1273
1274
1275
1276
1277
1278
1279
1280
1281
1282
1283
1284
1285
1286
1287
1288
1289
1290
1291
1292
1293
1294
1295
1296
1297
1298
1299
1300
1301
1302
1303
1304
1305
1306
1307
1308
1309
1310
1313
1315
1316
1337
1338
1340
1504
1505
1506
1507
1508
1509
1510
1511
1512
1513
1514
1515
1516
1517
1518
1519
1520
1521
1522
1523
1524
1525
1526
1527
1528
1529
1530
1531
1532
1533
1534
1537
1539
1541
1543
1544
1550
1551
1552
1555
1559
1563
1567
1568
1569
1573
1574
1584
1585
