0
1
2
3
4
5
6
8
9
10
11
12
13
14
15
16
17
18
20
21
22
23
24
25
26
28
29
30
31
32
33
34
35
36
37
38
39
40
42
44
45
46
48
50
51
52
54
56
57
58
60
61
62
63
64
65
66
67
68
69
70
72
73
74
75
76
78
80
82
83
84
86
87
88
89
90
92
93
94
96
97
98
99
100
101
102
104
106
107
108
110
111
112
113
114
116
117
118
119
120
121
122
124
125
126
128
129
130
131
132
134
135
136
137
138
140
142
144
146
147
148
150
151
152
154
156
158
159
160
161
162
164
166
167
168
169
170
171
172
173
174
176
177
178
179
180
181
182
183
184
185
186
188
190
192
193
194
196
198
200
202
203
204
206
208
210
211
212
214
215
216
217
218
220
221
222
224
225
226
228
229
230
232
233
234
236
237
238
240
242
243
244
246
248
249
250
252
254
255
256
257
258
260
261
262
264
266
268
270
271
272
274
276
278
279
280
281
282
284
286
287
288
290
292
294
296
298
300
301
302
303
304
305
306
308
310
312
314
316
318
320
322
323
324
326
328
329
330
331
332
334
336
338
339
340
341
342
344
346
348
350
352
354
356
358
360
362
364
365
366
368
369
370
372
374
376
378
380
382
383
384
386
388
389
390
392
393
394
395
396
398
400
402
403
404
406
408
410
412
414
416
418
420
422
424
426
427
428
430
432
434
436
438
439
440
442
444
446
448
450
451
452
453
454
455
456
457
458
460
461
462
464
466
467
468
469
470
472
474
475
476
477
478
479
480
482
483
484
485
486
487
488
490
492
493
494
495
496
498
500
502
503
504
506
508
510
511
512
514
515
516
518
520
522
523
524
526
527
528
530
532
534
536
538
540
541
542
543
544
546
548
550
552
554
556
557
558
559
560
562
564
566
567
568
569
570
571
572
574
576
577
578
579
580
582
584
585
586
587
588
590
592
594
596
597
598
600
601
602
603
604
606
608
610
612
613
614
615
616
618
620
621
622
623
624
625
626
627
628
629
630
631
632
634
636
638
640
642
644
645
646
648
649
650
652
654
655
656
657
658
659
660
661
662
664
666
668
670
671
672
674
676
678
679
680
682
684
686
688
689
690
691
692
694
695
696
698
700
702
703
704
705
706
707
708
710
711
712
714
715
716
717
718
719
720
721
722
723
724
725
726
727
728
729
730
731
732
734
735
736
737
738
739
740
742
744
745
746
748
749
750
751
752
754
755
756
757
758
759
760
762
763
764
766
768
769
770
771
772
773
774
776
778
780
781
782
784
785
786
787
788
790
791
792
793
794
796
798
800
801
802
803
804
805
806
808
809
810
812
814
816
818
820
821
822
823
1984
1985
1986
1987
1988
1989
1990
1991
1992
1993
1994
1995
1996
1997
1998
1999
2000
2001
2002
2003
2004
2005
2006
2007
2008
2009
2010
2011
2012
2013
2014
2015
2016
2017
2018
2019
2020
2021
2022
2023
2024
2025
2026
2027
2028
2029
2030
2031
2032
2033
2034
2035
2036
2037
2038
2039
2040
2041
2042
2043
2044
2045
2046
2047
2048
2049
2050
2051
2052
2053
2054
2055
2056
2057
2058
2059
2060
2061
2062
2063
2064
2065
2066
2067
2068
2069
2070
2071
2072
2073
2074
2075
2076
2077
2078
2079
2080
2081
2082
2083
2084
2085
2086
2087
2088
2089
2090
2091
2092
2093
2094
2095
2096
2097
2098
2099
2100
2101
2102
2103
2104
2105
2106
2107
2108
2109
2110
2111
2112
2113
2114
2115
2116
2117
2118
2119
2120
2121
2122
2123
2124
2125
2126
2127
2128
2129
2130
2131
2132
2133
2134
2135
2136
2137
2138
2139
2140
2141
2142
2143
2144
2145
2146
2147
2148
2149
2150
2151
2152
2153
2154
2155
2156
2157
2158
2159
2160
2161
2162
2163
2164
2165
2166
2167
2168
2169
2170
2171
2172
2173
2174
2175
2176
2177
2178
2179
2180
2181
2182
2183
2184
2185
2186
2187
2188
2189
2190
2191
2192
2193
2194
2195
2196
2197
2198
2199
2200
2201
2202
2203
2204
2205
2206
2207
2208
2209
2210
2211
2212
2213
2214
2215
2216
2217
2218
2219
2220
2221
2222
2223
2224
2225
2226
2227
2228
2229
2230
2231
2232
2233
2234
2235
2236
2237
2238
2239
2240
2241
2242
2243
2244
2245
2246
2247
2248
2249
2250
2251
2252
2253
2254
2255
2256
2257
2258
2259
2260
2261
2262
2263
2264
2265
2266
2267
2268
2269
2270
2271
2272
2273
2274
2275
2276
2277
2278
2279
2280
2281
2282
2283
2284
2285
2286
2287
2288
2289
2290
2291
2292
2293
2294
2295
2296
2297
2298
2299
2300
2301
2302
2303
2304
2305
2306
2307
2308
2309
2310
2311
2312
2313
2314
2315
2316
2317
2318
2319
2320
2321
2322
2323
2324
2325
2326
2327
2328
2329
2330
2331
2332
2333
2334
2335
2336
2337
2338
2339
2340
2341
2342
2343
2344
2345
2346
2347
2348
2349
2350
2351
2352
2353
2354
2355
2356
2357
2358
2359
2360
2361
2362
2363
2364
2365
2366
2367
2368
2369
2370
2371
2372
2373
2375
2378
2379
2382
2386
2388
2390
2392
2394
2398
2400
2401
2408
2418
2419
2421
2427
2429
2432
2435
2436
2438
2442
2446
2449
2450
2452
2453
2456
2458
2465
2466
2468
2469
2472
2473
2474
2476
2477
2480
2481
2482
2483
2490
2493
2494
2495
2499
2502
2504
2505
2508
2510
2515
2516
2526
2530
2531
2533
2534
2536
2541
2545
2549
2551
2552
2553
2558
2563
2569
2574
2578
2583
2587
2589
2595
2600
2604
2611
2617
2620
2626
2627
2629
2631
2633
2635
2636
2638
2641
2647
2649
2653
2654
2656
2657
2663
2667
2669
2670
2675
2677
2678
2679
2684
2688
2698
2699
2704
2711
2712
2714
2715
2720
2722
2729
2732
2733
2737
2738
2739
2743
2749
2750
2751
2757
2759
2761
2762
2763
