24
25
40
41
44
45
46
47
66
67
70
71
72
73
98
99
100
101
102
104
105
106
107
134
135
136
137
140
141
142
143
144
145
156
158
172
173
176
177
180
181
182
183
184
185
186
187
196
198
204
216
217
220
221
222
223
224
225
226
227
228
229
230
231
244
254
260
268
269
270
271
274
275
276
277
278
279
280
281
282
283
284
285
308
322
323
324
325
328
329
330
331
332
333
334
335
336
337
338
339
340
341
344
346
350
352
354
366
368
384
385
390
391
392
393
394
395
396
397
398
399
400
401
402
403
406
408
410
414
416
418
428
430
448
449
454
455
456
457
458
459
460
461
462
463
464
465
476
482
498
500
516
520
521
526
527
528
529
530
531
532
533
534
535
536
537
544
554
558
560
572
598
599
600
601
602
603
604
605
606
607
608
609
614
618
619
622
624
636
638
660
664
665
666
667
668
669
670
671
672
673
678
679
684
686
718
719
720
721
722
723
724
725
726
727
728
729
730
744
766
767
768
769
770
771
774
775
776
777
780
782
784
790
804
805
1187
1514
1550
1580
1584
1617
1631
1648
1718
1723
1817
1828
1992
1993
2000
2001
2007
2010
2012
2016
2018
2020
2021
2027
2028
2030
2032
2038
2041
2049
2050
2051
2054
2055
2056
2064
2067
2069
2079
2080
2081
2082
2086
2088
2089
2097
2098
2099
2105
2106
2108
2115
2118
2119
2128
2132
2147
2153
2155
2157
2158
2168
2172
2173
2175
2177
2179
2186
2188
2189
2191
2192
2205
2207
2209
2213
2219
2222
2224
2225
2227
2228
2232
2236
2241
2246
2250
2251
2258
2262
2264
2267
2269
2270
2271
2272
2275
2277
2278
2279
2281
2285
2286
2288
2294
2296
2299
2300
2301
2302
2306
2310
2311
2312
2313
2316
2323
2324
2326
2327
2329
2330
2331
2332
2334
2336
2337
2343
2346
2347
2348
2349
2350
2351
2352
2353
2354
2355
2360
2362
2363
2364
2365
2366
2367
2368
2370
2371
2372
2373
2445
2505
2558
2626
2660
2661
2662
2665
2719
2720
2721
2722
2737
2738
2739
2740
2745
2748
2753
2754
2755
2756
2758
2760
2761
2762
2763
2791
2801
2874
2920
2982
3027
3071
3072
3086
3091
3095
3104
3111
3112
3113
3114
3129
3130
3131
3132
3136
3141
3146
3147
3148
3152
3175
3185
3258
3304
3366
3411
3455
3456
3470
3475
3479
3488
3496
3497
3498
3513
3514
3515
3516
3520
3525
3530
3531
3532
3854
3855
3856
3857
3860
3861
3864
3865
3916
3917
3918
3919
3920
3921
3924
3925
3926
3927
3928
3929
3930
3931
3984
3985
3986
3987
3992
3993
3994
3995
4052
4053
4058
4059
4060
4061
4064
4065
4066
4067
4130
4131
4132
4133
4136
4137
4138
4139
4190
4192
4193
4194
4195
4196
4197
4198
4199
4246
4247
4248
4249
4250
4251
4296
4297
4298
4299
4328
4329
