190
192
206
218
224
230
234
238
240
242
250
252
254
260
272
300
320
322
326
328
330
334
336
340
354
356
358
360
362
364
366
372
386
394
406
408
410
418
454
460
476
504
510
554
558
610
612
622
664
666
676
720
730
772
782
820
824
872
876
922
926
972
976
1024
1026
1076
1122
1124
1172
1216
1218
1262
1264
1288
1308
1332
1350
1352
1378
1394
1420
1434
1436
1476
1504
1514
1516
1554
1584
1590
1592
1622
1628
1662
1664
1698
1700
1728
1734
1736
1772
1800
1806
1808
1844
1846
1880
1882
1918
1920
1954
1956
1994
2028
2030
2064
2068
2100
2104
2138
2142
2174
2178
2200
2216
2252
2272
2290
2308
2326
2346
2364
2400
2418
2438
2454
2474
2510
2512
2546
2548
2586
2618
2622
2660
2668
2696
2734
2768
2770
2804
2808
2812
2844
2882
2918
2950
2952
2986
2990
3022
3058
3060
3094
3130
3166
3168
3202
3238
3274
3276
3318
3352
3384
3459
3523
3541
3593
3599
3611
3641
3645
3706
3707
3785
3797
3895
3897
3907
3941
4003
4010
4135
4139
4140
4145
4157
4159
4161
4174
4274
4412
4424
4426
4580
4712
4744
4752
4754
4922
4926
5022
5040
5042
5044
5218
5296
5306
5308
5310
5312
5392
5434
5436
5438
5446
5448
5450
5452
5454
5478
5480
5514
5516
5518
5520
5526
5528
5530
5532
5534
5536
5580
5582
5584
5592
5594
5596
5598
5600
5602
5604
5630
5634
5642
5644
5646
5648
5650
5652
5654
5668
5670
5672
5680
5682
5686
5688
5690
5692
5694
5696
5698
5700
5720
5722
5724
5726
5728
5730
5732
5734
5736
5740
5742
5744
5746
5748
5750
5752
5774
5776
5778
5782
5786
5790
5792
5794
5796
5798
5800
5802
5830
5832
5836
5840
5842
5844
5846
5848
5850
5852
5854
5856
5882
5884
5886
5890
5892
5894
5896
5898
5900
5902
5904
5906
5908
5932
5934
5938
5940
5944
5946
5952
5954
5956
5978
5980
5982
5988
5992
5994
5996
5998
6020
6022
6024
6028
6030
6032
6034
6056
6058
6060
6062
6064
6086
6088
6090
6521
6565
