25
33
35
41
45
47
216
217
224
225
230
231
232
233
236
237
343
358
359
388
441
492
568
585
1576
1589
1602
1605
1606
1633
1645
1652
1654
1655
1656
1662
1665
1696
1697
1717
1724
1727
1729
1731
1732
1735
1738
1743
1745
1757
1802
1809
1853
2421
2427
2430
2431
2434
2435
2439
2442
2446
2447
2450
2456
2470
2484
2485
2486
2487
2488
2492
2496
2525
2526
2527
2530
2531
2532
2534
2538
2540
2541
2543
2545
2547
2550
2853
2854
2855
2857
2859
2860
2861
2862
2863
2864
2865
2866
2869
2875
2876
2878
2883
2885
2891
2892
2893
4110
4111
4112
4114
4116
4117
4118
4119
4120
4122
4123
4124
4126
4128
4129
4130
4132
4134
4136
4138
4139
4140
4142
4144
4145
4146
4147
4149
4150
4151
4153
4154
4155
4156
4157
4158
4159
4161
4163
4168
4170
4172
4176
4178
4180
4182
5275
6394
6395
6397
6406
6408
6410
6411
6412
6413
6417
6428
6435
6436
6441
6442
6445
6446
6450
6451
6455
6460
6465
6466
6470
6482
6483
6487
6503
6508
6513
6522
6804
6822
6831
6834
6835
6838
6839
6842
6843
6846
6847
6848
6849
6850
6851
6853
6857
6861
6865
6867
6871
6873
6879
6880
6881
6882
6923
6944
7263
7278
7299
7302
7303
7308
7311
7315
7317
7318
7321
7326
7332
7335
12844
12845
14489
14498
14500
14552
14560
14561
14563
14564
14576
14585
14597
14625
14627
14656
14665
14728
14729
14734
14735
14748
14749
14764
14765
14766
14767
14768
14769
14778
14779
14788
14789
14872
14873
14874
14875
14876
14877
14878
14879
14881
14883
14885
14887
14889
14891
14893
14895
14897
14899
14901
14903
14905
14907
14909
14911
14913
14939
14941
14943
14945
15068
15071
