36
37
38
39
40
41
42
43
44
45
46
47
48
49
50
51
52
53
54
55
56
57
58
59
60
61
62
63
64
65
66
67
68
69
70
71
72
73
74
75
76
77
78
79
80
81
82
83
84
85
86
87
98
99
104
107
108
110
121
124
126
128
133
138
428
429
430
431
434
436
438
439
440
442
443
444
445
446
448
900
901
902
903
904
905
906
907
908
909
910
911
912
913
914
915
916
917
918
919
920
921
922
923
924
925
926
927
928
929
930
931
932
933
934
935
936
937
938
939
940
941
942
943
944
945
946
947
948
949
950
951
952
955
957
960
969
975
978
979
980
981
982
985
988
989
994
998
999
1002
1184
1185
1186
1187
1188
1189
1190
1191
1192
1193
1194
1198
