12
13
14
15
16
17
18
19
20
21
22
23
60
61
80
81
82
83
84
85
86
87
88
89
90
91
92
93
94
95
96
97
98
99
100
101
102
103
104
105
106
107
108
109
110
111
141
143
192
193
194
195
196
197
198
199
200
201
202
203
204
205
206
207
208
209
210
211
212
213
214
215
216
217
218
219
220
221
222
223
224
225
226
227
228
229
230
231
232
233
234
235
236
237
238
239
240
241
242
243
244
245
246
247
248
249
250
251
252
253
254
255
256
257
258
259
260
261
262
263
264
265
266
267
268
269
270
271
272
273
274
275
276
277
278
279
280
281
282
283
284
285
286
287
288
289
290
291
292
293
294
295
296
297
298
299
300
301
302
303
304
305
306
307
308
309
310
311
312
313
314
315
316
317
318
319
320
321
322
323
324
325
326
327
328
329
330
331
332
333
334
335
336
337
338
339
340
341
342
343
344
345
346
347
348
349
350
351
352
353
354
355
356
357
358
359
360
361
362
363
364
365
366
367
368
369
370
371
372
373
374
375
376
377
378
379
380
381
382
383
384
385
386
387
388
389
390
391
392
393
394
395
396
397
398
399
400
401
402
403
404
405
406
407
408
409
410
411
412
413
414
415
416
417
418
419
420
421
422
423
424
425
426
427
428
429
430
431
432
433
434
435
436
437
438
439
440
441
442
443
444
445
446
447
448
449
450
451
452
453
454
455
456
457
458
459
460
461
462
463
465
466
467
468
469
470
471
472
473
474
475
476
478
479
480
481
482
483
484
485
486
487
488
489
490
491
492
494
495
496
497
498
499
500
501
502
503
505
506
508
509
510
511
512
513
514
515
516
517
519
520
521
522
523
524
525
526
527
528
529
530
532
533
535
536
537
538
539
540
541
542
543
544
545
547
548
550
551
552
553
554
555
556
557
558
559
560
562
563
564
565
566
567
568
569
570
571
572
573
574
575
576
577
578
579
580
581
583
584
585
586
587
588
589
590
591
592
593
594
595
596
598
599
601
602
603
606
607
608
609
610
611
613
614
616
617
618
619
621
622
623
624
625
626
628
629
630
631
632
633
634
635
636
637
638
639
641
642
643
644
646
647
648
649
650
651
652
654
655
656
657
658
659
660
661
662
663
664
665
666
668
669
670
671
672
674
675
676
677
678
679
681
682
683
685
686
687
688
689
690
691
693
694
696
697
698
699
700
701
702
703
704
707
708
709
710
711
712
713
714
715
718
719
720
721
722
723
724
725
726
728
729
730
731
732
733
734
735
736
737
738
739
742
743
744
745
746
747
748
749
750
752
753
754
755
756
757
758
759
761
762
763
764
766
767
768
769
770
772
773
774
775
777
778
779
780
781
782
785
786
788
793
798
799
801
803
804
809
810
812
814
815
816
823
824
828
829
830
832
833
835
836
839
840
850
854
856
859
861
863
866
870
871
872
874
875
877
879
883
884
885
889
892
895
897
904
911
915
916
917
923
927
942
943
944
946
952
953
957
958
959
960
961
969
970
972
976
977
978
980
987
990
994
995
1001
1003
1004
1005
1009
1011
1012
1013
1014
1017
1018
1020
1023
1024
1026
1040
1044
1045
1050
1053
1054
1057
1058
1063
1065
1068
1069
1070
1072
1074
1075
1077
1079
1080
1083
1085
1089
1096
1104
1109
1111
1112
1114
1115
1116
1121
1124
1125
1127
1128
1130
1132
1133
1136
1138
1139
1140
1156
1161
1162
1167
1170
1171
1172
1176
1180
1183
1185
1187
1189
1193
1200
1208
1209
1212
1214
1215
1216
1218
1219
1223
1226
1227
1229
1230
1233
1234
1236
1246
1247
1250
1254
1264
1265
1266
1267
1268
1269
1270
1271
1272
1273
1274
1275
1276
1277
1278
1279
1280
1281
1282
1283
1284
1285
1286
1287
1288
1289
1290
1291
1292
1293
1294
1295
1300
1396
1397
1436
1437
1438
1439
1440
1441
1442
1443
1444
1445
1446
1447
