0
1
2
3
4
5
6
7
8
9
10
11
12
13
14
15
16
17
18
19
20
21
22
23
24
25
26
27
28
29
30
31
32
33
34
35
36
37
38
39
40
41
42
43
44
45
46
47
48
49
50
51
52
53
54
55
56
57
58
59
60
61
62
63
64
65
66
67
68
69
70
71
72
73
74
75
76
77
78
79
80
81
82
83
84
85
86
87
88
89
90
91
92
93
94
95
96
97
98
99
100
101
102
103
104
105
106
107
108
109
110
111
112
113
114
115
116
117
118
119
120
121
122
123
124
125
126
127
128
129
130
131
132
133
134
135
136
137
138
139
140
141
142
143
144
145
146
147
148
149
150
151
152
153
154
155
156
157
158
159
160
161
162
163
164
165
166
167
168
169
170
171
172
173
174
175
176
177
178
179
180
181
182
183
184
185
186
187
188
189
190
191
192
193
194
195
196
197
198
199
200
201
202
203
204
205
206
207
208
209
210
211
212
213
214
215
216
217
218
219
220
221
222
223
224
225
226
227
228
229
230
231
232
233
234
235
236
237
238
240
243
245
249
252
267
268
270
271
277
285
287
293
296
297
300
306
307
309
322
324
325
327
328
329
334
335
341
342
346
348
349
354
358
359
360
361
367
368
369
370
371
376
379
394
395
396
402
404
411
417
418
419
420
428
430
432
433
441
449
454
458
472
473
475
476
477
478
480
482
483
484
486
488
490
492
494
496
498
500
502
504
506
508
510
512
513
514
516
518
520
522
524
526
528
530
532
534
536
538
540
542
544
546
548
550
552
554
556
557
558
560
562
564
566
567
568
570
572
574
576
578
579
580
582
583
584
585
586
588
590
591
592
593
594
595
596
598
600
602
603
604
606
607
608
609
610
611
612
614
615
616
618
620
622
624
625
626
628
629
630
631
632
633
634
635
636
637
638
640
642
644
646
647
648
650
651
652
654
655
656
657
658
659
660
662
664
666
668
670
672
674
676
677
678
680
682
683
684
685
686
688
689
690
692
693
694
695
696
697
698
700
702
703
704
706
708
709
710
711
712
713
714
716
718
719
720
722
724
725
726
728
730
732
733
734
736
737
738
740
742
744
746
748
750
752
754
756
758
759
760
762
764
766
768
770
771
772
774
776
777
778
780
782
783
784
786
788
790
792
793
794
795
796
798
800
802
804
806
808
810
2352
2353
2355
