2068
2069
2072
2074
2076
2078
2080
2082
2084
2086
2088
2090
2368
2369
2370
2372
2374
2376
2378
2380
2381
2382
2384
2385
2386
2388
2390
2392
2394
2396
2397
2398
2399
2400
2402
2404
2405
2406
2408
2409
2410
2412
2414
2416
2417
2418
2420
2421
2422
4048
4049
4051
4052
4054
4055
4056
4057
4058
4060
4062
4064
4066
4068
4069
4070
4071
4072
4074
4076
4077
4078
4080
4082
4084
4085
4086
4088
4090
4092
4093
4094
4096
4098
4099
4100
4101
4102
4103
4104
4105
4106
4108
4110
4111
4112
4114
4116
4118
4120
4122
4123
4124
4126
4128
4130
4132
4134
4136
4137
4138
4140
4141
4142
4143
4144
4146
4147
4148
4150
4152
4153
4154
4156
4158
4160
4161
4162
4163
4164
4166
4168
4169
4170
4172
4174
4175
4176
4178
4179
4180
4182
4183
4184
4186
4188
4190
4192
4193
4194
4196
4198
4199
4200
4202
4204
4205
4206
4208
4209
4210
4211
4212
4213
4214
4216
4218
4220
4222
4224
4226
4228
4229
4230
4231
4232
4234
4236
4238
4240
4241
4242
4244
4245
4246
4248
4249
4250
4251
4252
4254
4255
4256
4258
4260
4261
4262
4263
4264
4266
4267
4268
4270
4272
4273
4274
4276
4278
4279
4280
4282
4284
4286
4287
4288
4290
4292
4294
4296
4297
4298
4300
4301
4302
4304
4306
4308
4309
4310
4312
4314
4315
4316
4318
4319
4320
4322
4323
4324
4326
4328
4330
4332
4334
4335
4336
4337
4338
4340
4342
4344
4345
4346
4348
4350
4352
4354
4356
4358
4359
4360
4362
4364
4366
4367
4368
4370
4372
4373
4374
4376
4378
4379
4380
4382
4384
4385
4386
4387
4388
4390
4391
4392
4394
4396
4397
4398
4400
4402
4404
4406
4407
4408
4410
4411
4412
4414
4415
4416
4418
4420
4422
4423
4424
4426
4427
4428
4430
4431
4432
4434
4436
4438
4440
4442
4443
4444
4446
4448
4449
4450
4452
4453
4454
4455
4456
4458
4460
4462
4464
4465
4466
4468
4469
4470
4472
4473
4474
4476
4478
4480
4481
4482
4483
4484
4486
4488
4490
4491
4492
6072
6073
6074
6076
6078
6079
6080
6082
6084
6086
6088
6090
6092
6094
6095
6096
6097
6098
6100
6102
6104
6106
6107
6108
6110
6111
6112
6113
6114
6115
6116
6118
6119
6120
6121
6122
6124
6125
6126
6128
6129
6130
6131
6132
6134
6135
6136
6138
6140
6142
6144
6145
6146
6148
6149
6150
6152
6154
6155
6156
6158
6159
6160
6161
6162
6163
6164
6165
6166
6168
6169
6170
6171
6172
6174
6176
6177
6178
6180
6182
6184
6185
6186
6188
6190
6191
6192
6193
6194
6196
6197
6198
6200
6201
6202
6204
6206
6207
6208
6209
6210
6212
6213
6214
6216
6217
6218
6220
6222
6224
6225
6226
6227
6228
6230
6232
6234
6236
6237
6238
6240
6242
6243
6244
6245
6246
6248
6250
6252
6254
6256
6257
6258
6259
6260
6261
6262
6263
6264
6266
6268
6269
6270
6272
6273
6274
6276
6278
6280
6281
6282
6284
6285
6286
6288
6290
6292
6293
6294
6296
6297
6298
6299
6300
6302
6304
6306
6307
6308
6310
6311
6312
6314
6315
6316
6317
6318
6320
6321
6322
6324
6326
6328
6330
6331
6332
6333
6334
6336
6338
6339
6340
6342
6343
6344
6346
6348
6350
6352
6354
6356
6358
6360
6362
6363
6364
6366
6367
6368
6370
6372
6373
6374
6376
6378
6380
6382
6383
6384
6385
6386
6387
6388
6389
6390
6392
6393
6394
6396
6398
6400
6402
6404
6405
6406
6407
6408
6409
6410
6411
6412
6413
6414
6415
6416
6417
6418
6420
6421
6422
6423
6424
6426
6428
6430
6432
6433
6434
6436
6438
6439
6440
6441
6442
6444
6446
6448
6449
6450
6452
6454
6456
6457
6458
6460
6462
6463
6464
6465
6466
6468
6470
6471
6472
6473
6474
6475
6476
6477
6478
6480
6482
6484
6485
6486
6487
6488
6490
6491
6492
6494
6496
6497
6498
6499
6500
6501
6502
6503
6504
6505
6506
6507
6508
6509
6510
6512
6513
6514
6515
6516
6518
6519
6520
6522
6524
6525
6526
6527
6528
6529
6530
6531
6532
6533
6534
6535
6536
6537
6538
6539
6540
6541
6542
6543
6544
6545
6546
6547
6548
6550
6552
6554
6556
6558
6560
6561
6562
6564
6565
6566
6568
6570
6572
6573
6574
6575
6576
6577
6578
6580
6582
6584
6586
6587
6588
6590
6592
6593
6594
6596
6598
6599
6600
6602
6604
6606
6608
6610
6612
6614
6616
6617
6618
6619
6620
6622
6624
6626
6628
6629
6630
6632
6633
6634
6636
6638
6640
6642
6643
6644
6646
6648
6650
6651
6652
6654
6656
6657
6658
6659
6660
6662
6663
6664
6666
6667
6668
6669
6670
6671
6672
6674
6675
6676
6678
6680
6682
6684
6686
6688
6690
6692
6693
6694
6696
6697
6698
6700
6702
6703
6704
6705
6706
6707
6708
6710
6711
6712
6714
6715
6716
6717
6718
6719
6720
6721
6722
6723
6724
6726
6728
6730
6732
6733
6734
6735
6736
6737
6738
6740
6742
6744
6745
6746
6747
6748
6750
6751
6752
6754
6755
6756
6757
6758
6759
6760
6761
6762
6764
6765
6766
6768
6770
6772
6774
6775
6776
6778
6779
6780
6782
6783
6784
6786
6787
6788
6790
6792
6794
6795
6796
6798
6800
6801
6802
6803
6804
6806
6807
6808
6809
6810
6811
6812
6813
6814
6815
6816
6818
6820
6821
6822
6824
6825
6826
6828
6830
6831
6832
6833
6834
6836
6838
6840
6842
6843
6844
6845
6846
6847
6848
6850
6852
6853
6854
6855
6856
6857
6858
6860
6862
6864
6865
6866
6868
6869
6870
6871
6872
6874
6875
6876
6877
6878
6880
6882
6884
6886
6888
6890
6891
6892
6894
6895
6896
6897
6898
6899
6900
6902
6903
6904
6906
6907
6908
6910
6911
6912
6914
6916
6918
6920
6921
6922
6924
6926
6928
6930
6931
6932
6934
6936
6938
6940
6941
6942
6944
6946
6948
6950
6952
6953
6954
6956
6957
6958
6959
6960
6961
6962
6963
6964
6966
6968
6969
6970
6971
6972
6973
6974
6976
6978
6980
6981
6982
6984
6985
6986
6988
6990
6991
6992
6994
6995
6996
6998
6999
7000
7001
7002
7003
7004
7005
7006
7008
7009
7010
7012
7013
7014
7015
7016
7017
7018
7020
7022
7024
7026
7027
7028
7030
7032
7033
7034
7035
7036
7038
7040
7041
7042
7044
7046
7047
7048
7050
7052
7053
7054
7056
7058
7059
7060
7062
7063
7064
7065
7066
7068
7069
7070
7072
7074
7076
7077
7078
7080
7082
7084
7085
7086
7088
7089
7090
7091
7092
7094
7096
7097
7098
7100
7101
7102
7103
7104
7105
7106
7108
7110
7112
7114
7116
7117
7118
7120
7121
7122
7123
7124
7125
7126
7127
7128
7129
7130
7131
7132
7133
7134
7136
7138
7139
7140
7142
7143
7144
7145
7146
7148
7150
7152
7153
7154
7156
7158
7159
7160
7162
7164
7166
7167
7168
7170
7172
7174
7176
7178
7180
7182
7184
7186
7187
7188
7190
7192
7194
7196
7197
7198
7200
7201
7202
7203
7204
7206
7207
7208
7209
7210
7212
7214
7215
7216
7218
7219
7220
7222
7223
7224
7225
7226
7228
7230
7232
7234
7236
7238
7240
7242
7244
7246
7248
7250
7251
7252
7253
7254
7256
7258
7260
7262
7264
7266
7267
7268
7270
7271
7272
7274
7275
7276
7277
7278
7280
7282
7284
7285
7286
7288
7289
7290
7292
7293
7294
7295
7296
7298
7299
7300
7302
7304
7305
7306
7308
7309
7310
7312
7314
7316
7318
7320
7321
7322
7324
7325
7326
7327
7328
7330
7332
7333
7334
7336
7337
7338
7340
7341
7342
7343
7344
7346
7347
7348
7350
7351
7352
7353
7354
7355
7356
7357
7358
7360
7361
7362
7364
7365
7366
7368
7369
7370
7371
7372
7374
7375
7376
7378
7380
7381
7382
7384
7386
7388
7389
7390
7392
7393
7394
7396
7398
7399
7400
7402
7404
7405
7406
7408
7410
7412
7414
7416
7418
7419
7420
7421
7422
7423
7424
7425
7426
7427
7428
7429
7430
7431
7432
7434
7435
7436
7438
7439
7440
7441
7442
7443
7444
7445
7446
7448
7450
7451
7452
7454
7456
7457
7458
7460
7462
7464
7466
7468
7469
7470
7472
7473
7474
7475
7476
7477
7478
7480
7481
7482
7484
7486
7487
7488
7490
7492
7493
7494
7496
7498
7500
7502
9896
9897
9899
9900
9902
9904
9906
9907
9908
9910
9912
9913
9914
9915
9916
9917
9918
9920
9921
9922
9923
9924
9926
9928
9930
9932
9933
9934
9936
9938
9939
9940
9942
9944
9946
9948
9950
9952
9954
9956
9957
9958
9960
9962
9964
9965
9966
9968
9970
9972
9973
9974
9976
9978
9980
9982
9984
9985
9986
9988
9990
9992
9993
9994
9995
9996
9997
9998
10000
10002
10004
10006
10008
10009
10010
10012
10014
10015
10016
10018
10020
10022
10023
10024
10025
10026
10028
10029
10030
10032
10034
10035
10036
10038
10040
10041
10042
10044
10045
10046
10048
10050
10052
10054
10056
10057
10058
10060
10061
10062
10064
10066
10068
10070
10071
10072
10073
10074
10075
10076
10077
10078
10080
10082
10084
10086
10088
10090
10092
10093
10094
11852
11853
11855
11856
11857
11858
11859
11860
11861
11862
11864
11866
11867
11868
11870
11872
11873
11874
11875
11876
11877
11878
11880
11881
11882
11884
11886
11887
11888
11889
11890
11891
11892
11893
11894
11895
11896
11898
11899
11900
11901
11902
11903
11904
11906
11907
11908
11910
11912
11913
11914
11916
11918
11920
11921
11922
11923
11924
11925
11926
11928
11930
11932
11933
11934
11935
11936
11937
11938
11939
11940
11942
11944
11946
11947
11948
11950
11951
11952
11954
11955
11956
11957
11958
11959
11960
11961
11962
11964
11966
11968
11969
11970
11972
11974
11976
11977
11978
11980
11982
11983
11984
11985
11986
11988
11990
11992
11994
11995
11996
11998
12000
12002
12004
12006
12008
12010
12012
12014
12016
12018
12020
12021
12022
12024
12026
12028
12029
12030
12032
12034
12035
12036
12038
12040
12042
12044
12046
12048
12050
