14
16
26
28
38
40
46
48
375
540
541
1104
1361
1362
1397
1404
1586
1602
1604
1758
1762
2050
2052
2058
2060
2074
2075
2084
2085
2090
2091
2100
2101
3847
4050
4052
4055
4057
4067
4069
4078
4080
4087
4089
4275
5536
5537
5542
5543
5552
5553
6211
6212
6213
6222
6223
6224
6225
6235
6237
6242
6243
6987
8079
8359
8363
8370
8374
8391
8392
8394
8395
8396
8397
8398
8401
8408
8412
8418
8421
8422
8425
8458
8461
10514
10518
10519
10523
10528
10532
10538
10542
10543
10548
10564
10567
10568
10571
10580
10582
10583
10884
10886
10911
10913
10922
10923
10924
10925
10934
10935
10936
10937
10954
10955
