0
1
3
4
6
8
9
10
12
13
14
16
18
20
21
22
24
26
28
29
30
32
33
34
36
38
39
40
42
44
46
48
50
52
54
55
56
58
60
61
62
64
66
68
70
71
72
73
74
75
76
78
80
82
84
85
86
87
88
89
90
92
94
95
96
98
100
101
102
104
105
106
108
109
110
112
114
115
116
117
118
296
297
300
302
304
306
308
310
311
312
314
316
318
320
321
322
324
326
327
328
330
332
334
336
337
340
341
342
344
346
348
350
352
354
355
356
358
359
360
362
363
364
365
366
367
368
370
371
372
373
374
376
378
380
381
382
384
386
387
388
389
390
392
394
396
397
398
400
402
404
406
407
408
410
411
412
414
415
416
418
420
422
423
424
426
427
428
429
430
432
434
435
436
438
439
440
442
444
446
447
448
450
451
452
454
456
458
459
460
462
464
466
467
468
470
472
473
474
476
477
478
480
481
482
484
485
486
488
490
492
494
496
498
500
502
503
504
506
508
510
512
514
516
518
519
520
522
523
524
525
526
527
528
530
532
534
535
536
538
540
542
544
545
546
548
550
552
553
554
556
558
559
560
561
562
564
566
568
570
572
573
574
575
576
578
580
582
583
584
586
588
590
591
592
594
596
598
599
600
602
604
606
607
608
609
610
611
612
613
614
616
618
620
622
624
625
626
628
630
632
633
634
635
636
637
638
639
640
641
642
644
646
647
648
650
651
652
654
655
656
657
658
660
661
662
664
666
667
668
670
671
672
673
674
676
677
678
680
682
684
685
686
687
688
690
692
693
694
696
697
698
699
700
701
702
703
704
706
708
710
711
712
713
714
715
716
718
720
722
723
724
726
727
728
730
731
732
733
734
736
737
738
740
742
743
744
746
747
748
750
751
752
753
754
756
758
759
760
761
762
763
764
766
768
769
770
772
774
776
778
779
780
781
782
784
786
788
789
790
791
792
794
796
798
824
825
828
830
832
834
835
836
838
839
840
842
844
846
848
850
852
854
856
857
858
859
860
861
862
864
866
868
870
871
872
874
875
876
877
878
880
882
884
886
888
890
891
892
894
896
897
898
899
900
902
903
904
906
908
910
912
914
916
917
918
919
920
922
924
925
926
928
930
932
933
934
936
938
939
940
942
944
945
946
948
949
950
951
952
954
955
956
958
960
961
962
964
966
968
970
971
972
974
976
978
980
982
984
985
986
987
988
989
990
992
994
996
998
1000
1002
1003
1004
1006
1007
1008
1010
1011
1012
1014
1016
1018
1019
1020
1022
1024
1026
1028
1029
1030
1032
1034
1035
1036
1037
1038
1040
1042
1043
1044
1045
1046
1048
1050
1052
1054
1056
1058
1060
1062
1064
1065
1066
1068
1070
1072
1074
1076
1078
1080
1082
1084
1086
1088
1090
1091
1092
1094
1096
1098
1100
1102
1103
1104
1106
1108
1110
1112
1114
1116
1118
1120
1122
1124
1125
1126
1127
1128
1129
1130
1132
1134
1136
1138
1139
1140
1142
1143
1144
1146
1148
1149
1150
1152
1153
1154
1156
1158
1159
1160
1162
1164
1165
1166
1167
1168
1170
1171
1172
1174
1175
1176
1178
1180
1182
1184
1186
1187
1188
1189
1190
1192
1193
1194
1195
1196
1197
1198
1199
1200
1202
1204
1206
1207
1208
1210
1212
1214
1216
1217
1218
1219
1220
1222
1223
1224
1225
1226
1228
1230
1231
1232
1234
1236
1238
1239
1240
1242
1243
1244
1246
1248
1250
1251
1252
1253
1254
1255
1256
1257
1258
1260
1262
1264
1266
1267
1268
1270
1272
1274
1276
1278
1280
1282
1283
1284
1285
1286
1287
1288
1290
1292
1294
1296
1297
1298
1299
1300
1302
1304
1305
1306
1307
1308
1310
1311
1312
1314
1315
1316
1318
1320
1321
1322
1323
1324
1326
1328
1330
1332
1333
1334
1335
1336
1337
1338
1340
1342
1344
1345
1346
1348
1349
1350
1352
1353
1354
1356
1357
1358
1359
1360
1362
1364
1365
1366
1368
1369
1370
1372
1374
1375
1376
1377
1378
1380
1382
1384
1386
1387
1388
1389
1390
1392
1394
1395
1396
1397
1398
1399
1400
1402
1404
1406
1408
1410
1412
1413
1414
1416
1417
1418
1420
1422
1424
1426
1428
1429
1430
1431
1432
1434
1436
1438
1440
1441
1442
1443
1444
1445
1446
1447
1448
1449
1450
1451
1452
1454
1456
1458
1460
1461
1462
1544
1545
1548
1550
1552
1554
1556
1558
1560
1562
1563
1564
1566
1568
1570
1572
1574
1576
1578
1580
1582
1584
1585
1586
1588
1590
1592
1594
1596
1598
1599
1600
1602
1604
1606
1688
1689
1692
1694
1696
1698
1700
1702
1703
1704
1706
1708
1710
1712
1713
1714
1715
1716
1718
1720
1722
1724
1726
1728
1730
1732
1734
1736
1737
1738
1740
1742
1744
1746
1748
1750
1751
1752
1754
1756
1758
1759
1760
1762
1764
1766
1768
1770
1772
1774
1776
1778
1780
1782
1783
1864
1865
1867
1868
1870
1872
1874
1876
1878
1879
1880
1882
1884
1885
1886
1888
1890
1892
1894
1896
1898
1900
1902
1903
1904
1906
1907
1908
1910
1912
1913
1914
1916
1918
1920
1921
1922
1924
1926
1927
1928
1929
1930
1931
1932
1934
1936
1937
1938
1940
1942
1943
1944
1945
1946
1947
1948
1949
1950
1952
1954
1956
1958
1960
1962
1963
1964
1966
1968
1969
1970
1972
1974
1975
1976
1978
1979
1980
1982
1984
1985
1986
1988
1990
1992
1994
1995
1996
1997
1998
2000
2001
2002
2004
2006
2008
2009
2010
2011
2012
2013
2014
2015
2016
2018
2020
2022
2024
2026
2027
2028
2030
2031
2032
2034
2035
2036
2038
2040
2042
2043
2044
2046
2048
2050
2052
2054
2056
2058
2059
2060
2061
2062
2064
2066
2068
2069
2070
2072
2074
2076
2078
2080
2082
2084
2086
2088
2089
2090
2092
2094
2096
2098
2100
2102
2104
2106
2108
2110
2112
2114
2115
2116
2118
2120
2121
2122
2124
2126
2127
2128
2130
2132
2134
2136
2138
2140
2141
2142
2144
2146
2147
2148
2149
2150
2151
2152
2153
2154
2156
2157
2158
2160
2162
2164
2166
2167
2168
2170
2171
2172
2173
2174
2176
2177
2178
2180
2182
2183
2184
2186
2188
2189
2190
2192
2194
2196
2198
2199
2200
2201
2202
2204
2206
2208
2210
2211
2212
2213
2214
2216
2217
2218
2219
2220
2222
2224
2226
2228
2230
2231
2232
2234
2236
2238
2240
2241
2242
2243
2244
2245
2246
2247
2248
2249
2250
2252
2254
2255
2256
2258
2260
2262
2263
2264
2266
2267
2268
2269
2270
2272
2274
2275
2276
2277
2278
2279
2280
2281
2282
2284
2286
2288
2290
2291
2292
2294
2296
2297
2298
2300
2302
2304
2305
2306
2307
2308
2309
2310
2311
2312
2314
2316
2318
2320
2321
2322
2323
2324
2325
2326
2327
2328
2329
2330
2332
2334
2336
2338
2339
2340
2342
2344
2345
2346
2347
2348
2350
2351
2352
2354
2355
2356
2358
2359
2360
2362
2364
2366
2368
2369
2370
2372
2373
2374
2376
2377
2378
2380
2381
2382
2383
2384
2385
2386
2388
2389
2390
2391
2392
2393
2394
2396
2398
2399
2400
2401
2402
2404
2406
2407
2408
2410
2411
2412
2414
2416
2418
2419
2420
2422
2423
2424
2426
2428
2430
2432
2434
2436
2438
2440
2441
2442
2444
2446
2448
2449
2450
2452
2454
2456
2458
2460
2462
2464
2465
2466
2467
2468
2469
2470
2472
2474
2476
2478
2480
2482
2484
2485
2486
4982
4983
4986
4988
4990
4992
4994
4996
4997
4998
5000
5001
5002
5004
5006
5007
5010
5012
5014
5016
5018
5020
5022
5024
5025
5026
5028
5030
5032
5034
5035
5036
5038
5040
5042
5044
5046
5048
5049
5050
5051
5052
5054
5056
5057
5058
5060
5062
5064
5065
5066
5067
5068
5070
5071
5072
5074
5076
5077
5078
5080
5081
5082
5084
5085
5086
5088
5090
5091
5092
5093
5094
5096
5097
5098
5100
5102
5104
5106
5107
5108
5110
5112
5114
5116
5117
5118
5120
5121
5122
5124
5126
5128
5129
5130
5131
5132
5133
5134
5136
5138
5140
5142
5144
5146
5147
5148
5149
5150
5152
5154
5155
5156
5157
5158
5160
5162
5164
5165
5166
5168
5169
5170
5172
5173
5174
5175
5176
5177
5178
5179
5180
5182
5184
5185
5186
5188
5190
5192
5194
5195
5196
5198
5200
5202
5204
5206
5208
5210
5212
5213
5214
5216
5218
5220
5222
5224
5226
5227
5228
5229
5230
5232
5234
5235
5236
5238
5239
5240
5242
5244
5246
5248
5250
5252
5254
5256
5258
5260
5342
5343
5346
5348
5349
5350
5352
5354
5356
5358
5360
5362
5364
5365
5366
5368
5370
5371
5372
5374
5375
5376
5378
5380
5381
5382
5384
5385
5386
5388
5390
5391
5392
5394
5396
5397
5398
5400
5401
5402
5404
5406
5407
5408
5410
5412
5414
5415
5416
5417
5418
5420
5422
5424
5425
5426
5428
5429
5430
5431
5432
5433
5434
5435
5436
5437
5438
5439
5440
5442
5444
5446
5448
5449
5450
5452
5453
5454
5456
5457
5458
5460
5462
5464
5465
5466
5468
5470
5472
5474
5475
5476
5477
5478
5480
5481
5482
5483
5484
5485
5486
5488
5489
5490
5491
5492
5494
5496
5498
5500
5501
5502
5504
5506
5508
5510
5511
5512
5514
5516
5518
5520
5522
5524
5526
5528
5530
5532
5534
5535
5536
5537
5538
5540
5542
5544
5546
5548
5549
5550
5552
5554
5556
5558
5560
5562
5564
5566
5568
5570
5571
5572
5573
5574
5575
5576
5578
5580
5582
5584
5586
5588
5589
5590
5592
5594
5595
5596
5598
5599
5600
5602
5603
5604
5606
5608
5609
5610
5611
5612
5614
5616
5618
5620
5621
5622
5624
5626
5628
5629
5630
5632
5633
5634
5635
5636
5638
5639
5640
5641
5642
5643
5644
5646
5648
5650
5652
5653
5654
5656
5658
5660
5662
5663
5664
5665
5666
5667
5668
5669
5670
5671
5672
5674
5676
5677
5678
5679
5680
5682
5684
5685
5686
5687
5688
5689
5690
5692
5694
5696
5697
5698
5700
5701
5702
5703
5704
5706
5708
5710
5712
5714
5716
5718
5720
5722
5724
5726
5727
5728
5729
5730
5732
5733
5734
5736
5738
5740
5741
5742
5743
5744
5745
5746
5748
5749
5750
5751
5752
5754
5756
5757
5758
5760
5761
5762
5764
5766
5767
5768
5769
5770
5772
5774
5775
5776
5777
5778
5779
5780
5781
5782
5784
5786
5788
5790
5791
5792
5793
5794
5795
5796
5798
5799
5800
5802
5803
5804
5805
5806
5808
5810
5812
5813
5814
5815
5816
5818
5820
5821
5822
5823
5824
5826
5828
5830
5832
5833
5834
5835
5836
5838
5839
5840
5841
5842
5844
5845
5846
5848
5850
5852
5854
5856
5858
5860
5861
5862
5863
5864
5866
5868
5870
5872
5874
5876
5878
5880
5882
5884
5886
5887
5888
5890
5892
5894
5896
5898
5900
5901
5902
5904
5906
5907
5908
5910
5911
5914
5916
5917
5918
5920
5922
5924
5925
5926
5928
5930
5932
5933
5934
5936
5938
5939
5940
5942
5944
5946
5948
5950
5952
5953
5954
5956
5958
5959
5960
5962
5964
5965
5966
5968
5969
5970
5972
5974
5975
5976
5978
5980
5982
5984
5985
5986
5987
5988
5990
5991
5992
5994
5996
5998
5999
6000
6001
6002
6003
6004
6006
6008
6010
6012
6014
6016
6017
6018
6020
6021
6022
6024
6025
6026
6028
6030
6032
6033
6034
6036
6038
6040
6042
6044
6046
6048
6049
6050
6051
6052
6054
6056
6058
6059
6060
6062
6063
6064
6065
6066
6068
6070
6071
6072
6074
6076
6078
6079
6080
6082
6084
6086
6088
6090
6092
6094
6096
6098
6100
6101
6102
6103
6104
6105
6106
6107
6108
6110
6112
6114
6116
6117
6118
6119
6120
6122
6124
6126
6128
6130
6131
6132
6134
6136
6137
6138
6139
6140
6141
6142
6143
6144
6146
6147
6148
6150
6152
6154
6156
6157
6158
6160
6162
6163
6164
6166
6167
6168
6170
6172
6174
6175
6176
6178
6179
6180
6182
6184
6186
6188
6189
6190
6192
6194
6196
6198
6200
6201
6202
6203
6204
6205
6206
6207
6208
6209
6210
6212
6214
6216
6218
6220
6221
6222
6224
6226
6227
6228
6230
6231
6232
6233
6234
6236
6237
6238
6239
6240
6242
6244
6245
6246
6248
6250
6252
6253
6254
6255
6256
6257
6258
6260
6262
6264
6265
6266
6268
6269
6270
6271
6272
6274
6276
6278
6280
6282
6284
6286
6288
6290
6292
6293
6294
6296
6297
6298
6300
6301
6302
6304
6306
6308
6310
6311
6312
6313
6314
6316
6317
6318
6319
6320
6322
6324
6326
6328
6329
6330
6332
6334
6336
6337
6338
6340
6342
6344
6346
6348
6349
6350
6352
6354
6355
6356
6358
6359
6360
6362
6363
6364
6366
6367
6368
6370
6371
6372
6373
6374
6376
6378
6379
6380
6381
6382
6383
6384
6386
6388
6389
6390
6391
6392
6394
6396
6398
6400
6401
6402
6404
6406
6408
6409
6410
6411
6412
6413
6414
6416
6418
6419
6420
6422
6424
6426
6427
6428
6430
6431
6432
6433
6434
6436
6438
6440
6442
6444
6446
6448
6450
6451
6452
6453
6454
6455
6456
6458
6460
6462
6464
6466
6468
6470
6472
6473
6474
6475
6476
7014
7015
7018
7020
7022
7024
7026
7028
7029
7030
7032
7033
7034
7036
7038
7039
7041
7042
7043
7044
7046
7047
7048
7050
7052
7053
7054
7056
7058
7060
7062
7064
7066
7067
7068
7070
7072
7073
7074
7075
7076
7078
7080
7081
7082
7084
7086
7087
7088
7090
7091
7092
7094
7096
7098
7100
7102
7104
7105
7106
7108
7109
7110
7112
7113
7114
7116
7118
7119
7120
7121
7122
7124
7126
7128
7130
7132
7134
7136
7138
7140
7141
7142
7144
7146
7148
7149
7150
7151
7152
7153
7154
7156
7158
7159
7160
7162
7163
7164
7518
7519
7521
7522
7523
7524
7526
7528
7530
7532
7534
7536
7537
7538
7540
7542
7543
7544
7546
7548
7550
7551
7552
7554
7555
7556
7558
7560
7562
7563
7564
7565
7566
7568
7569
7570
7571
7572
7574
7576
7578
7580
7581
7582
7583
7584
7585
7586
7587
7588
7589
7590
7591
7592
7594
7595
7596
7597
7598
7599
7600
7602
7603
7604
7606
7608
7610
7611
7612
7614
7616
7617
7618
7620
7622
7624
7625
7626
7628
7630
7632
7634
7635
7636
7638
7639
7640
7642
7644
7646
7648
7650
7651
7652
7654
7655
7656
7657
7658
7660
7661
7662
7664
7666
7668
7669
7670
7671
7672
7673
7674
7675
7676
7678
7680
7682
7683
7684
7685
7686
7687
7688
7689
7690
7691
7692
7694
7695
7696
7697
7698
7699
7700
7702
7704
7705
7706
7708
7709
7710
7711
7712
7714
7716
7718
7720
7722
7723
7724
7726
7727
7728
7729
7730
7731
7732
7734
7736
7737
7738
7740
7742
7744
7746
7748
7749
7750
7751
7752
7753
7754
7755
7756
7757
7758
7760
7761
7762
7763
7764
7766
7767
7768
7769
7770
7772
7773
7774
7776
7777
7778
7780
7781
7782
7784
7786
7788
7790
7792
7793
7794
7795
7796
7798
7800
7802
7803
7804
7806
7808
7809
7810
7811
7812
7814
7816
7818
7819
7820
7822
7823
7824
7826
7827
7828
7830
7832
7834
7835
7836
7838
7840
7842
7844
7846
7848
7849
7850
7851
7852
7853
7854
7856
7858
7860
7862
7864
7866
7868
7869
7870
7871
7872
7874
7876
7877
7878
7880
7882
7883
7884
7886
7888
7890
7892
7894
7896
7898
7900
7902
7904
7905
7906
7908
7909
7910
7912
7913
7914
7915
7916
7918
7920
7921
7922
7924
7925
7926
7928
7930
7932
8014
8015
8018
8019
8020
8022
8024
8026
8028
8029
8030
8032
8034
8036
8038
8039
8040
8041
8042
8044
8046
8048
8050
8052
8054
8056
8057
8058
8060
8062
8063
8064
8066
8067
8068
8070
8072
8074
8076
8078
8080
8081
8082
8084
8086
8088
8089
8090
8091
8092
8094
8096
8098
8100
8102
8103
8106
8108
8110
8112
8113
8114
8116
8118
8120
8122
8124
8126
8128
8130
8132
8133
8134
8136
8137
8138
8140
8142
8144
8146
8148
8149
8150
8151
8152
8154
8155
8156
8158
8160
8162
8164
8166
8168
8169
8170
8172
8174
8176
8178
8180
8181
8182
8184
8185
8186
8188
8190
8191
8192
8194
8196
8197
8198
8200
8201
8202
8204
8205
8206
8208
8210
8212
8213
8214
8216
8217
8218
8220
8222
8224
8226
8227
8228
8230
8231
8232
8234
8235
8236
8238
8239
8240
8241
8242
8244
8246
8247
8248
8249
8250
8252
8253
8254
8255
8256
8258
8260
8262
8263
8264
8266
8268
8269
8270
8272
8274
8276
8277
8278
8279
8280
8282
8284
8286
8287
8288
8290
8291
8292
8294
8296
8298
8299
8300
8301
8302
8303
8304
8306
8308
8310
8312
8314
8315
8316
8317
8318
8320
8322
8324
8326
8327
8328
8329
8330
8331
8332
8333
8334
8336
8338
8340
8341
8342
8344
8346
8348
8349
8350
8352
8354
8356
8357
8358
8360
8362
8364
8446
8447
8449
8450
8451
8452
8454
8456
8457
8458
8460
8462
8463
8464
8465
8466
8468
8470
8472
8473
8474
8475
8476
8478
8480
8482
8484
8485
8486
8487
8488
8490
8492
8494
8496
8498
8500
8501
8502
8504
8505
8506
8508
8510
8512
8514
8515
8516
8518
8519
8521
8522
8524
8526
8528
8530
8532
8534
8535
8536
8537
8538
8540
8542
8543
8544
8545
8546
8547
8548
8550
8552
8554
8556
8558
8560
8561
8562
8564
8565
8566
8568
8570
8572
8573
8574
8576
8577
8578
8580
8582
8583
8584
8586
8587
8588
8590
8592
8593
8594
8596
8597
8598
8599
8600
8601
8602
8604
8606
8608
8609
8610
8611
8612
8614
8616
8618
8619
8620
8622
8624
8626
8627
8628
8629
8630
8632
8634
8636
8638
8639
8640
8642
8643
8644
8645
8646
8648
8650
8652
8654
8655
8656
8657
8658
8659
8660
8662
8663
8664
8666
8668
8670
8672
8674
8675
8676
8678
8680
8681
8682
8683
8684
8685
8686
8688
8690
8692
8693
8694
8695
8696
8698
8700
8702
8704
8706
8708
8710
8712
8713
8714
8716
8717
8718
8720
8721
8722
8723
8724
8725
8726
8728
8730
8731
8732
8733
8734
8735
8736
8737
8738
8740
8742
8744
8746
8748
8749
8750
8752
8754
8756
8758
8760
8762
8763
8764
8766
8767
8768
8770
8772
8773
8774
8776
8777
8778
8780
8782
8783
8784
8786
8788
8790
8792
8794
8796
8798
8799
8800
8802
8804
8806
8808
8810
8812
8814
8816
8818
8819
8820
8822
8824
8826
8828
8830
8832
8834
8836
8838
8840
8842
8843
8844
8846
8848
8849
8850
8852
8854
8856
8858
8860
8861
8862
8863
8864
8866
8867
8868
8870
8872
8874
8875
8876
8878
8880
8882
8884
8886
8887
8888
8890
8892
8894
8896
8897
8898
8900
8902
8903
8904
8906
8908
8909
8910
8912
8913
8914
8916
8918
8919
8922
8924
8925
8926
8927
8928
8929
8930
8931
8932
8933
8934
8936
8938
8940
8941
8942
8944
8945
8946
8947
8948
8949
8950
8952
8954
8956
8958
8960
8961
8962
8964
8966
8967
8968
8969
8970
8972
8973
8974
8976
8977
8978
8979
8980
8981
8982
8983
8984
8986
8988
8990
8992
8993
8994
8996
8998
9000
9002
9004
9006
9007
9008
9009
9010
9011
9012
9013
9014
9016
9018
9020
9021
9022
9024
9025
9026
9028
9029
9030
9031
9032
9033
9034
9036
9037
9038
9040
9041
9042
9043
9044
9046
9048
9050
9052
9054
9055
9056
9057
9058
9059
9060
9061
9062
9064
9066
9067
9068
9070
9072
9074
9076
9078
9079
9080
9081
9082
9084
9085
9086
9087
9088
9089
9090
9092
9094
9095
9096
9098
9100
9101
9102
9103
9104
9106
9108
9110
9112
9113
9114
9116
9118
9120
9121
9122
9123
9124
9125
9126
9128
9130
9132
9134
9136
9138
9140
9142
9143
9144
9146
9147
9148
9149
9150
9151
9152
9153
9154
9156
9158
9160
9162
9164
9165
9166
9168
9169
9170
9171
9172
9174
9175
9176
9177
9178
9180
9181
9182
9184
9186
9187
9188
9190
9192
9194
9196
9197
9198
9200
9202
9203
9204
9206
9208
9209
9210
9211
9212
9214
9215
9216
9217
9218
9220
9222
9224
9226
9228
9229
9230
9232
9234
9236
9237
9238
9239
9240
9241
9242
9244
9245
9246
9247
9248
9250
9252
9253
9254
9256
9258
9260
9261
9262
9264
9265
9266
9268
9270
9272
9273
9274
9276
9277
9278
9279
9280
9282
9284
9286
9288
9290
9292
9293
9294
9296
9298
9300
9302
9304
9305
9306
9307
9308
9309
9310
9312
9314
9315
9316
9317
9318
9319
9320
9321
9322
9324
9326
9327
9328
9330
9332
9334
9336
9337
9338
9340
9342
9343
9344
9345
9346
9348
9350
9352
9354
9356
9357
9358
9360
9362
9364
9366
9367
9368
9370
9371
9372
9374
9375
9376
9378
9379
9380
9381
9382
9384
9386
9388
9390
9391
9392
9394
9396
9397
9398
9399
9400
9402
9404
9406
9408
9409
9410
9412
9414
9416
9417
9418
9420
9421
9422
9423
9424
9426
9428
9430
9432
9434
9436
9438
9439
9440
9442
9444
9446
9448
9450
9452
9454
9456
9458
9460
9462
9463
9464
9466
9467
9468
9470
9472
9474
9476
9477
9478
9480
9482
9483
9484
9894
9895
9896
9897
9898
9899
9900
9902
9904
9906
9907
9908
9910
9911
9912
9913
9914
9915
9916
9918
9919
9920
9921
9922
9924
9926
9928
9930
9931
9932
9934
9936
9938
9940
9941
9942
9943
9944
9946
9947
9948
9949
9950
9952
9954
9956
9957
9958
9959
9960
9962
9963
9964
9965
9966
9968
9969
9970
9971
9972
9974
9976
9978
9979
9980
9981
9982
9983
9984
9985
9986
9987
9988
9989
9990
9992
9994
9996
9998
10000
10002
10004
10006
10008
10009
10010
10012
10013
10014
10016
10017
10018
10019
10020
10021
10022
10023
10024
10025
10026
10028
10029
10030
10032
10034
10036
10038
10040
10042
10043
10044
10046
10048
10050
10052
10054
10056
10057
10058
10060
10061
10062
10064
10066
10068
10069
10070
10071
10072
10074
10076
10078
10080
10081
10082
10083
10084
10086
10088
10089
10090
10091
10092
10094
10096
10098
10099
10100
10101
10102
10103
10104
10106
10108
10110
10112
10114
10116
10118
10120
10121
10122
10124
10126
10127
10128
10130
10131
10132
10134
10136
10138
10140
10142
10144
10146
10147
10148
10150
10152
10154
10156
10158
10160
10161
10162
10164
10166
10168
10170
10172
10173
10174
10175
10176
10178
10180
10182
10184
10186
10188
10190
10192
10194
10196
10197
10198
10199
10200
10201
10202
10204
10342
10343
10344
10345
10346
10348
10350
10352
10354
10356
10358
10359
10360
10361
10362
10364
10366
10367
10368
10369
10370
10371
10372
10374
10376
10378
10380
10382
10384
10385
10386
10387
10388
10389
10390
10392
10394
10396
10397
10398
10400
10402
10404
10406
10407
10408
10410
10411
10412
10413
10414
10416
10417
10418
10419
10420
10421
10422
10423
10424
10426
10427
10428
10429
10430
10431
10432
10434
10436
10438
10439
10440
10441
10442
10444
10446
10448
10450
10452
10454
10456
10458
10460
10462
10464
10466
10467
10468
10469
10470
10471
10472
10473
10474
10476
10477
10478
10479
10480
10481
10482
10484
10486
10488
10490
10492
10494
10495
10496
10498
10500
10502
10504
10506
10508
10510
10512
10514
10516
10518
10519
10520
10522
10523
10524
10526
10528
10529
10530
10532
10534
10536
10537
10538
10539
10540
10542
10543
10544
10546
10548
10550
10552
10554
10556
10558
10560
10562
10564
10566
10568
10569
10570
10572
10574
10576
10578
10579
10580
10582
10584
10586
10588
10590
10592
10594
10596
10598
10599
10600
10601
10602
10603
10604
10606
10608
10609
10610
10612
10614
10616
10618
10620
10621
10622
10623
10624
10626
10627
10628
10629
10630
10632
10634
10636
10638
10639
10640
10642
10644
10645
10646
10648
10649
10650
10652
11810
11811
11813
11814
11816
11818
11820
11821
11822
11824
11825
11826
11828
11830
11832
11834
11836
11837
11838
11840
11842
11843
11844
11845
11846
11847
11848
11850
11852
11854
11856
11858
11860
11862
11864
11866
11868
11869
11870
11872
11873
11874
11876
11878
11880
11882
11884
11886
11888
11890
11891
11892
11894
11896
11897
11898
11900
11901
11902
11904
11905
11906
11907
11908
11910
11911
11912
11914
11915
11916
11917
11918
11920
11921
11922
11924
11925
11926
11928
11929
11930
11932
11933
11934
11936
11937
11938
11940
11941
11942
11944
11946
11947
11950
11952
11954
11956
11957
11958
11960
11961
11962
11964
11966
11968
11970
11971
11972
11974
11976
11977
11978
11980
11981
11982
11984
12010
12011
12014
12016
12018
12020
12022
12024
12026
12028
12030
12032
12034
12035
12036
12038
12040
12041
12042
12044
12046
12048
12049
12050
12051
12052
12054
12056
12057
12058
12060
12061
12062
12064
12066
12068
12070
12072
12074
12076
12078
12080
12081
12082
12084
12085
12086
12088
12090
12092
12094
12096
12098
12099
12100
12102
12103
12104
12106
12107
12108
12110
12111
12112
12114
12116
12118
12120
12121
12122
12124
12125
12126
12127
12128
12129
12130
12132
12133
12134
12136
12138
12140
12142
12144
12146
12147
12148
12149
12150
12152
12154
12156
12158
12159
12160
12162
12164
12165
12166
12168
12170
12172
12174
12176
12178
12180
12182
12184
12186
12187
12188
12189
12190
12192
12194
12195
12196
12198
12200
12202
12204
12205
12206
12208
12209
12210
12212
12214
12215
12216
12217
12218
12220
12222
12223
12224
12226
12228
12230
12231
12232
12234
12235
12236
12237
12238
12239
12240
12241
12242
12243
12244
12245
12246
12248
12250
12252
12253
12254
12256
12257
12258
12260
12262
12264
12266
12267
12268
12270
12271
12272
12274
12276
12278
12279
12280
12282
12284
12286
12288
12289
12290
12292
12294
12296
12297
12298
12300
12302
12303
12304
12306
12307
12308
12309
12310
12312
12314
12316
12317
12318
12320
12321
12322
12324
12326
12328
12330
12331
12332
12334
12336
12338
12339
12340
12342
12343
12344
12345
12346
12348
12349
12350
12352
12353
12354
12356
12358
12360
12362
12364
12365
12366
12368
12369
12370
12371
12372
12374
12375
12376
12378
12380
12382
12384
12385
12386
12388
12390
12392
12394
12396
12397
12398
12400
12401
12402
12404
12406
12407
12408
12410
12412
12413
12414
12416
12418
12419
12420
12422
12424
12425
12426
12427
12428
12430
12432
12434
12436
12437
12438
12440
12442
12443
12444
12446
12447
12448
12449
12450
12452
12454
12456
12458
12459
12460
12462
12464
12466
12467
12468
12469
12470
12471
12472
12473
12474
12476
12478
12480
12482
12484
12486
12488
12490
12492
12493
12494
12496
12498
12500
12501
12502
12504
12506
12507
12508
12509
12510
12512
12513
12514
12516
12518
12519
12520
12522
12524
12526
12528
12529
12530
12531
12532
12534
12535
12536
12538
12540
12541
12542
12543
12544
12545
12546
12548
12550
12551
12552
12553
12554
12556
12557
12558
12560
12561
12562
12564
12566
12567
12568
12570
12572
12573
12574
12576
12578
12579
12581
12582
12584
12586
12587
12588
12590
12592
12593
12594
12596
12598
12600
12602
12604
12606
12608
12610
12612
12613
12614
12616
12618
12620
12622
12624
12626
12628
12629
12630
12632
12633
12634
12635
12638
12640
12642
12644
12646
12648
12650
12652
12653
12654
12656
12658
12660
12662
12663
12664
12666
12668
12670
12672
12674
12676
12677
12678
12679
12680
12682
12684
12686
12688
12690
12692
12693
12694
12696
12698
12699
12700
12702
12704
12705
12706
12708
12709
12710
12712
12713
12714
12716
12718
12719
12720
12722
12724
12726
12728
12730
12732
12734
12735
12736
12738
12740
12742
12744
12745
12746
12748
12749
12750
12752
12754
12756
12758
12759
12760
12762
12764
12766
12768
12770
12772
12774
12775
12776
12778
12780
12782
12783
12784
12785
12786
12788
12790
12792
12793
12794
12796
12797
12798
12800
12801
12802
12804
12805
12806
12807
12808
12810
12812
12813
12814
12816
12817
12818
12820
12822
12823
12824
12826
12828
12829
12830
12832
12834
12836
12838
12840
12841
12842
12844
12846
12848
12849
12850
12851
12852
12854
12856
12858
12860
12861
12862
12863
12864
12866
12867
12868
12870
12872
12874
12876
12878
12880
12882
12884
12885
12886
12888
12890
12891
12893
12894
12895
12896
12898
12900
12902
12904
12906
12907
12908
12909
12910
12911
12912
12914
12915
12916
12917
12918
12919
12920
12921
12922
12923
12924
12926
12928
12930
12932
12933
12934
12936
12937
12938
12940
12942
12944
12945
12946
12948
12950
12952
12954
12955
12956
12958
12959
12960
12961
12962
12964
12965
12966
12967
12968
12969
12970
12972
12974
12976
12977
12978
12980
12981
12982
12984
12986
12987
12988
12990
12992
12994
12996
12998
13000
13002
13004
13006
13008
13010
13012
13014
13016
13017
13018
13019
13020
13021
13022
13024
13025
13026
13028
13030
13032
13034
13036
13038
13040
13042
13043
13044
13046
13048
13050
13052
13054
13056
13058
13060
13062
13064
13066
13067
13068
13070
13071
13072
13074
13076
13077
13078
13080
13082
13084
13085
13086
13087
13088
13090
13091
13092
13094
13096
13098
13100
13102
13104
13106
13108
13110
13112
13114
13116
13117
13118
13120
13122
13123
13124
13126
13127
13128
13130
13132
13134
13136
13138
13139
13140
13142
13144
13146
13147
13148
13149
13150
13151
13152
13154
13156
13157
13158
13160
13162
13164
13166
13168
13169
13170
13171
13172
13174
13175
13176
13177
13178
13180
13182
13184
13186
13187
13188
13190
13191
13192
13193
13194
13196
13197
13198
13200
