237
262
268
269
2496
2502
2536
2552
2564
2570
2578
2606
2622
2642
2692
2696
2702
2712
2738
2740
2744
2752
2762
2776
2796
2804
2830
2848
2876
2904
2924
2940
2944
2946
2962
2984
2996
3006
3008
3026
3040
3052
3060
3066
3080
3094
3104
3110
3118
3122
3138
3142
3174
3184
3202
3204
3208
3216
3220
3230
3232
3242
3250
3272
3300
3310
3366
3374
3384
3390
3402
3412
3418
3462
3522
3524
3544
3554
3560
3568
3572
3580
3594
3596
3604
3620
3632
3648
3652
3674
3682
3692
3694
3708
3718
3722
3726
3744
3756
3758
3772
3780
3804
3818
3838
3848
3858
3868
3918
3950
3956
3960
3966
3982
3992
4014
4076
4098
4110
4132
4138
4144
4146
4156
4160
4202
4208
4236
4302
4358
4424
4468
4496
4580
4606
4620
4646
4692
4698
4704
4732
4740
4748
4766
4772
4778
4828
4832
4856
4890
4896
4902
6594
6713
6779
6844
6928
6984
7036
7295
7296
7429
7430
7435
7436
8102
8103
8104
8105
8106
8107
8108
8109
8112
8113
8114
8115
8118
8122
8123
8124
8125
8126
8127
8128
8129
8136
8137
8138
8139
8140
8141
8150
8151
8154
8155
8156
8157
8164
8165
8168
8169
8170
8171
8178
8179
8180
8181
8184
8185
8186
8187
8194
8195
8196
8197
8202
8203
8204
8205
8208
8209
8210
8211
8212
8213
8216
8217
8218
8219
8222
8223
8224
8225
8226
8227
8228
8229
8230
8231
8234
8235
8236
8237
8240
8241
8242
8243
8244
8245
8246
8247
8248
8249
8254
8255
8256
8257
8258
8259
8260
8261
8262
8263
8266
8267
8268
8269
8270
8271
8272
8273
8274
8275
8276
8277
8278
8279
8280
8281
8282
8283
8284
8285
8286
8287
8288
8289
8290
8291
8292
8293
8294
8295
8298
8299
8300
8301
8302
8303
8304
8305
8306
8307
8308
8309
8310
8311
8312
8313
8314
8315
8316
8317
8318
8319
8320
8321
8322
8323
8324
8325
8326
8327
8328
8329
8330
8331
8332
8333
8334
8335
8336
8337
8338
8339
8340
8341
8342
8343
8344
8345
8346
8347
8348
8349
8350
8351
8352
8353
8354
8355
8356
8357
8358
8359
8360
8361
8362
8363
8364
8365
8756
9530
9592
9613
9621
9634
9704
9707
9754
9782
9784
9890
10212
10296
10298
10844
10850
10852
10858
10860
10861
10862
10870
10872
10873
10874
10875
10876
10886
10888
10892
10893
10894
10904
10906
10907
10912
10913
10920
10922
10923
10926
10927
10928
10929
10932
10934
10946
10954
10958
10959
10960
10970
10972
10973
10976
10977
10978
10980
10982
10984
10990
10991
10992
10996
10998
10999
11002
11003
11004
11006
11010
11012
11014
11018
11019
11026
11028
11029
11032
11033
11034
11035
11036
11038
11046
11052
11054
11062
11066
11067
11068
11070
11072
11080
11082
11084
11088
11090
11096
11098
11099
11100
11104
11105
11106
11110
11120
11130
11138
11140
11144
11145
11146
11148
11160
11162
11164
11170
11178
11184
11185
11186
11204
11212
11214
11220
11222
11226
11227
11228
11230
11232
11244
11246
11260
11264
11265
11266
11267
11268
11269
11270
11290
11292
11298
11304
11308
11309
11310
11311
11334
11336
11340
11346
11358
11364
11365
11368
11382
11388
11389
11394
11404
11416
11418
11424
11430
11438
11440
11448
11452
11460
11462
11472
11482
11484
11494
11499
11510
11516
11519
11532
11535
11546
11549
11567
11582
11602
11624
11702
11728
11736
11754
11756
11852
11980
12612
12648
13240
13328
13335
