196
204
208
210
216
220
222
228
230
232
242
254
258
268
272
274
276
286
290
294
302
304
306
308
324
328
330
336
356
358
362
364
372
384
394
396
410
414
420
422
424
430
438
454
458
464
466
468
478
500
504
514
516
520
522
528
554
558
568
570
574
576
578
612
624
630
632
636
638
640
648
666
678
684
694
706
718
732
738
740
752
766
770
784
790
792
804
810
812
818
824
838
844
846
848
850
852
854
864
890
896
898
900
902
904
916
918
926
938
942
946
950
952
958
968
970
988
992
996
1000
1002
1008
1010
1026
1044
1048
1052
1058
1060
1090
1094
1098
1102
1108
1110
1112
1124
1138
1144
1148
1152
1156
1158
1160
1172
1186
1192
1196
1200
1206
1208
1210
1212
1218
1232
1236
1244
1248
1256
1258
1264
1278
1282
1286
1290
1294
1296
1298
1300
1302
1308
1322
1326
1328
1336
1340
1342
1344
1346
1352
1366
1370
1372
1376
1380
1394
1408
1412
1414
1424
1436
1450
1454
1456
1466
1468
1470
1476
1490
1494
1496
1500
1502
1508
1510
1516
1530
1534
1536
1540
1554
1568
1572
1574
1576
1578
1582
1592
1606
1610
1612
1616
1628
1642
1646
1648
1650
1652
1658
1664
1678
1682
1684
1688
1700
1714
1718
1720
1722
1724
1730
1736
1750
1754
1756
1760
1772
1786
1790
1792
1794
1802
1808
1822
1826
1828
1830
1832
1838
1840
1846
1860
1864
1866
1870
1876
1882
1896
1900
1902
1904
1912
1920
1934
1938
1940
1944
1948
1956
1970
1974
1976
1978
1984
1994
2008
2012
2014
2018
2020
2030
2044
2048
2050
2052
2056
2062
2068
2082
2086
2088
2092
2104
2118
2122
2124
2134
2142
2156
2160
2162
2178
2192
2196
2198
2202
2206
2210
2216
2230
2234
2242
2246
2252
2266
2270
2274
2278
2282
2284
2290
2310
2314
2318
2320
2326
2340
2346
2350
2354
2356
2364
2382
2386
2390
2392
2400
2414
2418
2422
2426
2428
2454
2458
2462
2464
2468
2474
2490
2494
2498
2500
2506
2526
2530
2534
2536
2542
2548
2562
2566
2570
2578
2598
2602
2606
2608
2614
2622
2634
2638
2642
2646
2650
2658
2670
2674
2678
2686
2694
2699
2714
2718
2724
2730
2734
2750
2754
2760
2770
2780
2784
2786
2790
2796
2804
2808
2816
2820
2822
2826
2834
2840
2844
2848
2852
2856
2858
2860
2864
2870
2882
2884
2888
2892
2894
2896
2900
2918
2926
2930
2932
2936
2950
2962
2966
2968
2972
2986
2994
2998
3002
3006
3010
3030
3034
3038
3042
3048
3060
3068
3072
3074
3076
3080
3084
3086
3094
3098
3100
3104
3108
3110
3112
3116
3130
3134
3136
3142
3146
3148
3154
3166
3174
3178
3182
3184
3190
3202
3212
3216
3218
3222
3228
3240
3248
3252
3254
3260
3278
3280
3286
3290
3292
3296
3298
3318
3322
3326
3330
3334
3336
3356
3360
3362
3366
3368
3459
3467
5308
5518
5532
5536
5580
5590
5598
5600
5602
5604
5628
5640
5648
5650
5652
5654
5668
5670
5672
5674
5676
5686
5694
5696
5698
5700
5720
5722
5724
5726
5728
5730
5748
5750
5752
5768
5774
5776
5778
5780
5798
5800
5802
5830
5832
5834
5854
5856
5882
5884
5906
5908
5932
5934
5954
5956
5978
5980
5996
5998
6020
6022
6032
6034
6056
6058
6062
6064
6086
6088
6090
