149
157
162
163
164
168
169
173
174
179
203
204
205
206
207
208
210
213
214
222
225
228
231
1177
1185
1191
1195
1199
1200
1202
1217
1219
1220
1222
1232
1238
1240
1241
1242
1245
1253
1256
1259
1263
1279
1283
1284
1286
1293
1299
1300
1303
1313
1320
1321
1326
1332
1346
1354
1361
1364
1378
1386
1392
1399
1412
1414
1415
1421
1432
1435
1446
1448
1459
1460
1472
1473
1475
1492
1496
1509
1522
1524
1533
1535
1537
1559
1561
1582
1585
1587
1588
1590
1594
1595
1596
1598
1600
1604
1612
1616
1618
1625
1630
1631
1636
1648
2287
2301
2324
2332
2652
2763
2765
2766
2767
2770
2771
2772
2773
2780
2781
2782
2783
4764
4765
4766
4767
4769
4770
4771
4772
4773
4777
4781
4783
4785
4788
5388
5389
5894
5897
6513
6515
6518
6520
6525
6526
6534
8055
9938
9939
9941
9942
9943
9944
9946
9947
9948
9949
9952
9953
10546
10547
10552
10563
10564
10571
10577
10579
10585
10616
10623
10624
10629
10630
10631
10635
10636
10641
10647
10803
10805
10811
10813
10819
10821
10934
10941
10944
10951
10957
10977
