100282
100283
10036
10068
101363
10143
10144
101564
101579
101583
101584
101591
101593
101594
101599
101603
101604
101605
101611
101612
101613
101619
101623
101773
101808
101908
101909
101917
101924
101930
101931
101940
101943
101946
101947
101971
102001
102018
102019
102044
102278
102301
102309
102311
102316
102318
102380
102381
102384
102387
102389
102418
102423
103351
103361
103369
103425
103452
10347
103480
103490
103508
103518
103521
103528
10373
103775
103776
103778
103781
10489
10586
10612
10620
10627
10638
10655
10685
10751
10797
10849
10867
10900
10905
10944
11178
11211
11231
11260
11299
11304
11550
11622
11661
11700
11709
11712
11826
11846
11887
12036
12038
12042
12043
12050
12054
12055
12059
12065
12066
12071
12085
12092
12248
12249
12250
12252
12259
12349
12414
12428
12480
12484
12530
12531
12536
12540
12542
12543
12552
12553
12558
12559
12560
12561
12562
12563
12565
12578
12579
12580
12583
12584
12587
12590
12592
12594
12596
12597
12605
12606
12612
12614
12617
12621
12654
19179
19825
19855
19898
20043
20279
20411
20453
20555
20745
20985
21467
22241
22301
22339
22367
22433
22508
22692
23372
23472
23511
23724
23782
23807
24644
24931
25144
25308
25493
25913
26073
26387
26503
26525
26608
26652
26657
26670
26806
26875
26899
27044
27189
27267
27619
28164
28668
29133
29525
29557
29921
30238
30341
30663
30666
30739
30857
30869
31249
31601
32052
32086
32174
32213
32259
32324
32354
32566
32601
32625
32746
32761
32932
33116
33457
33810
33914
33930
34178
34610
34617
35059
38516
40147
40417
40453
41003
41004
41083
41085
41086
41452
41510
41529
44781
44817
44826
44853
44962
45001
45007
45087
45091
45092
45130
45132
45134
45135
45146
45159
45162
45164
45166
45168
45173
45176
45177
45178
45189
45194
45203
45212
45213
45219
45235
45238
45243
45244
45247
45248
45249
45261
45262
45267
45271
45290
45297
45305
45323
45332
45354
45372
45374
45378
45384
45385
45387
45397
45403
45413
45415
45419
45420
45423
45427
45443
45444
45448
45463
45503
45504
45505
45516
45523
45524
45526
45573
45575
45594
45600
45606
45612
45620
45621
45622
45623
45632
45633
45636
45638
45642
45645
45661
45662
45667
45670
45671
45676
45677
45687
45689
45690
45691
45693
45694
45696
45699
45710
45717
45725
45746
45747
45749
45756
45759
45767
45776
45779
45780
45783
45784
45790
45801
45822
45841
45850
45853
45855
45908
45910
45915
45916
45922
45936
45937
45940
45948
45949
45950
45961
45963
45964
45984
46002
46014
46019
46029
46033
46037
46044
46045
46057
46060
46084
46092
46107
46108
46109
46117
46120
46123
46127
46130
46132
46134
46145
46166
46172
46179
46180
46197
46199
46230
46236
46277
46334
46380
46401
46403
46408
46417
46427
46430
46437
46439
46440
46443
46452
46456
46462
46466
46480
46481
46490
46537
46544
46549
46556
46563
46598
46616
46641
46653
46655
46699
46700
46732
46741
46744
46762
46768
46787
46801
46825
46847
46856
46859
46874
46879
46889
46893
46896
46906
46922
46944
46955
46966
46981
47021
47024
47088
47089
47099
47133
47168
47178
47180
47182
47183
47185
47187
47207
47227
47233
47235
47238
47252
47254
47278
47281
47290
47296
47315
47316
47388
47391
47419
47438
47443
47466
47514
47529
47565
47570
47577
47578
47585
47595
47601
47613
47632
47648
47651
47669
47686
47701
47711
47729
47742
47747
47808
47817
47853
47926
47944
47954
47963
47976
48010
48013
48018
48023
48036
48051
48063
48167
48169
48177
48243
48253
48258
48263
48271
48356
48379
48381
48413
48452
48467
48479
48490
48491
48497
48513
48517
48519
48623
48686
48700
48721
48740
48746
48797
48855
48859
48876
48878
49025
49038
49042
49062
49132
49133
49140
49182
49188
7119
7120
7128
7130
7138
7167
7179
7187
7201
7220
7221
7236
7263
7265
7273
7290
7292
7296
7304
7306
7310
7320
7332
7347
7349
7366
