40
41
42
43
44
45
46
47
48
49
50
51
52
53
54
55
56
57
58
59
60
61
62
63
64
65
66
67
68
69
70
71
72
73
74
75
76
77
78
79
80
81
82
83
84
85
86
87
88
89
90
91
92
93
94
95
96
97
98
99
100
101
102
103
104
105
106
107
108
109
110
111
112
113
114
115
116
117
118
119
120
121
122
123
124
125
126
127
128
129
130
131
132
133
134
135
136
137
138
140
141
142
144
145
151
157
159
160
165
166
168
170
171
175
178
179
183
186
189
192
194
195
197
198
200
201
202
204
205
207
210
213
216
219
222
223
225
227
228
230
231
234
237
239
240
242
244
246
247
248
250
252
254
256
257
258
260
262
264
266
268
270
272
273
274
276
277
278
280
282
284
296
308
313
315
319
325
332
335
1020
1021
1022
1023
1024
1025
1026
1027
1028
1029
1030
1031
1032
1033
1034
1035
1036
1037
1038
1039
1040
1041
1042
1043
1044
1045
1046
1047
1048
1049
1050
1051
1052
1053
1054
1055
1056
1057
1058
1059
1060
1061
1062
1063
1064
1065
1066
1067
1068
1069
1070
1071
1072
1073
1074
1075
1077
1078
1079
1080
1081
1082
1106
1119
1144
1145
1146
1147
1148
1149
1150
1151
1152
1153
1154
1155
1156
1157
1158
1159
1160
1161
1162
1163
1164
1165
1166
1167
1168
1169
1170
1171
1172
1173
1174
1175
1176
1177
1178
1179
1180
1181
1182
1183
1184
1185
1186
1187
1188
1189
1190
1191
1192
1193
1194
1195
1196
1197
1198
1199
1200
1201
1202
1203
1204
1205
1206
1207
1208
1209
1210
1211
1212
1213
1214
1215
1216
1217
1219
1220
1221
1222
1223
1224
1225
1226
1227
1228
1229
1230
1231
1232
1234
1238
1239
1241
1242
1243
1244
1245
1246
1247
1248
1249
1250
1251
1252
1253
1254
1255
1256
1258
1259
1260
1261
1262
1263
1264
1265
1266
1267
1268
1269
1270
1271
1272
1273
1274
1275
1276
1277
1278
1279
1280
1281
1282
1283
1284
1285
1286
1287
1288
1289
1290
1291
1292
1293
1294
1295
1296
1297
1298
1299
1300
1301
1302
1303
1304
1305
1306
1307
1308
1309
1310
1311
1312
1313
1314
1315
1316
1317
1318
1319
1320
1321
1322
1323
1324
1325
1326
1327
1328
1329
1330
1331
1332
1333
1334
1335
1336
1337
1338
1339
1340
1341
1342
1343
1344
1345
1346
1347
1348
1349
1350
1351
1352
1353
1354
1355
1356
1357
1358
1359
1360
1361
1362
1363
1364
1365
1366
1367
1368
1369
1370
1371
1372
1373
1374
1375
1376
1377
1378
1379
1380
1381
1382
1383
1384
1385
1386
1387
1388
1389
1390
1391
1392
1393
1394
1395
1396
1397
1398
1399
1400
1401
1402
1403
1404
1405
1406
1407
1408
1412
1415
1417
1418
1419
1420
1421
1422
1423
1424
1425
1428
1429
1430
1431
1432
1433
1434
1435
1436
1437
1438
1440
1443
1444
1445
1448
1455
1456
1457
1459
1460
1464
1469
1471
1472
1474
1475
1477
1478
1479
1481
1483
1491
1492
1494
1495
1498
1499
1500
1505
1506
1509
1510
1515
1518
1521
1522
1523
1524
1525
1526
1529
1531
1533
1535
1537
1540
1541
1542
1543
1545
1547
1556
1558
1563
1566
1567
1568
1570
1571
1573
1574
1576
1577
1578
1579
1580
1581
1583
1584
1585
1589
1591
1592
1595
1596
1604
1605
1609
1611
1613
1617
1621
1622
1623
1624
1625
1626
1629
1636
1637
1639
1642
1643
1645
1646
1653
1656
1660
1666
1668
1669
1670
1674
1675
1838
1839
1840
1841
1842
1843
1844
1845
1846
1847
1848
1849
1850
1851
1852
1853
1854
1855
1856
1857
1858
1859
1860
1861
1862
1863
1864
1865
1866
1867
1868
1869
1870
1871
1872
1873
1874
1875
1876
1877
1878
1879
1881
1883
1884
1885
1886
1887
1888
1889
1890
1891
1892
1893
1894
1895
1896
1897
1898
1899
1907
1914
1917
2274
2275
2276
2277
2278
2279
2280
2281
2282
2283
2284
2285
2286
2287
2288
2289
2290
2291
2292
2293
2294
2295
2296
2297
2298
2299
2300
2301
2302
2303
2304
2305
2306
2307
2308
2309
2310
2311
2312
2313
2314
2315
2316
2317
2318
2319
2320
2321
2322
2323
2324
2325
2326
2327
2328
2329
2330
2331
2332
2333
2341
2366
2367
2369
2373
2394
2395
2396
2397
2398
2399
2400
2401
2402
2403
2404
2405
2406
2407
2408
2409
2410
2411
2412
2413
2414
2415
2416
2417
2418
2419
2420
2421
2422
2423
2424
2425
2426
2427
2428
2429
2430
2431
2432
2433
2434
2435
2436
2437
2438
2439
2440
2441
2442
2443
2444
2445
2446
2447
2448
2449
2450
2451
2452
2453
2454
2455
2456
2457
2458
2459
2460
2461
2462
2463
2464
2465
2466
2467
2468
2469
2470
2471
2472
2473
2474
2475
2476
2477
2478
2479
2480
2481
2482
2483
2484
2485
2486
2487
2488
2489
2490
2491
2492
2493
2494
2495
2496
2500
2502
2507
2508
2509
2515
2516
2517
2518
2522
2525
2528
2530
2531
2534
2537
2540
2546
2551
2556
2560
2561
2564
2566
2570
2573
2576
2579
2582
2583
2584
2585
2586
2587
2588
2591
2592
2593
2594
2596
2598
2600
2601
2603
2605
2607
2609
2610
2611
2613
2615
2617
2619
2621
2623
2624
2625
2627
2629
2631
2633
2635
2637
2639
2642
2659
2663
2675
2679
2691
2834
2835
2836
2837
2838
2839
2840
2841
2842
2843
2844
2845
2846
2847
2848
2849
2850
2851
2852
2853
2854
2855
2856
2857
2858
2859
2860
2861
2862
2863
2864
2865
2866
2867
2868
2869
2870
2871
2872
2873
2874
2875
2876
2877
2878
2879
2880
2881
2882
2883
2884
2885
2886
2887
2888
2889
2890
2891
2892
2893
2894
2895
2896
2897
2898
2899
2900
2901
2902
2903
2904
2905
2906
2907
2908
2909
2910
2911
2912
2913
2914
2915
2916
2917
2918
2919
2920
2921
2922
2923
2924
2925
2926
2927
2928
2929
2930
2931
2932
2933
2934
2935
2938
2939
2942
2943
2947
2948
2951
2953
2954
2957
2958
2959
2960
2961
2963
2964
2965
2966
2968
2970
2972
2973
2975
2978
2980
2983
2985
2986
2987
2988
2989
2990
2993
2995
2997
2998
3000
3003
3004
3005
3008
3010
3013
3015
3018
3020
3023
3025
3029
3033
3036
3039
3042
3043
3045
3047
3048
3051
3054
3057
3060
3062
3063
3066
3074
3076
3081
3086
3088
3093
3096
3105
3106
3109
3450
3451
3452
3453
3454
3455
3456
3457
3458
3459
3460
3461
3462
3463
3464
3465
3466
3467
3468
3469
3470
3471
3472
3473
3474
3475
3476
3477
3478
3479
3480
3481
3482
3483
3484
3485
3486
3487
3488
3489
3490
3491
3492
3493
3494
3495
3496
3497
3498
3499
3500
3501
3502
3503
3504
3505
3506
3507
3508
3509
3513
3541
3542
3545
3549
3563
3570
3571
4074
4075
4076
4077
4078
4079
4080
4081
4082
4083
4084
4085
4086
4087
4088
4089
4090
4091
4092
4093
4094
4095
4096
4097
4098
4099
4100
4101
4102
4103
4104
4105
4106
4107
4108
4109
4110
4111
4112
4113
4114
4115
4116
4117
4118
4119
4120
4121
4122
4123
4124
4125
4126
4127
4128
4129
4131
4132
4133
4137
4139
4140
4141
4142
4145
4146
4148
4149
4150
4152
4154
4155
4156
4158
4159
4161
4162
4164
4165
4167
4168
4169
4170
4172
4173
4174
4176
4177
4178
4179
4180
4182
4183
4184
4186
4187
4188
4189
4190
4192
4193
4194
4195
4196
4197
4198
4200
4202
4203
4204
4206
4207
4208
4209
4210
4212
4213
4214
4215
4217
4218
4220
4221
4223
4224
4225
4227
4228
4229
4230
4232
4233
4235
4237
4239
4240
4241
4243
4245
4247
4248
4249
4251
4253
4255
4257
4259
4261
4263
4265
4267
4268
4269
4271
4273
4275
4276
4287
4290
4295
4301
4315
4317
4324
4331
4337
4339
4342
4344
4345
4347
4348
4352
4364
5340
5341
