70
71
75
76
313
315
316
320
327
328
336
1005
1025
1039
1041
1043
1045
1047
1049
1051
1053
1055
1057
1059
1061
1063
1067
1069
1070
1071
1072
1073
1074
1075
1138
1139
1144
1147
1148
1149
1152
1153
1154
1156
1157
1163
1164
1166
1167
1174
1175
1176
1178
1180
1181
1188
1190
1192
1193
1200
1203
1206
1207
1212
1217
1220
1229
1232
1234
1238
1240
1247
1250
1258
1260
1262
1265
1270
1273
1276
1288
1290
1293
1295
1298
1303
1304
1308
1318
1319
1320
1324
1326
1331
1332
1333
1334
1338
1341
1342
1343
1344
1345
1356
1357
1358
1362
1363
1364
1365
1367
1371
1372
1373
1375
1376
1839
1840
1841
1842
1843
1844
1846
1848
1850
1852
1854
1855
1856
1857
1859
1860
1861
1862
1863
1864
1865
1866
1867
1869
1870
1871
1872
1873
1874
1875
1877
1878
1879
1880
1881
1954
1955
1979
1987
1995
2003
2011
2015
2024
2028
2032
2036
2076
2085
2098
2111
2118
2123
2129
2130
2136
2143
2150
2151
2156
2162
2163
2234
2238
2240
2246
2250
2280
2282
2290
2291
2298
2299
2304
2305
2310
2311
2417
2424
2425
2429
2435
2439
2611
2639
2643
2646
2658
2659
2668
2669
2670
2836
2837
2838
2839
2851
2861
3040
3041
3042
3043
3064
3068
3071
3074
3077
3080
3083
3091
3098
3102
3175
3179
3183
3187
3189
3262
3272
3282
3292
3297
3486
3487
3490
3491
3498
3499
3506
3507
4077
4082
4083
4085
4090
4094
4095
4110
4114
4118
4121
4122
4124
4125
4126
4135
4137
4144
4146
4147
4330
4339
4340
4341
4344
4351
4352
4355
4356
4360
4366
4705
4786
5340
5341
