0
1
2
3
4
5
6
7
8
9
10
11
12
13
14
15
16
17
18
19
20
21
22
23
24
25
26
27
28
29
30
31
32
33
34
35
36
37
38
39
40
41
42
43
44
45
46
47
48
49
50
51
53
55
57
62
65
67
68
69
70
71
72
83
84
85
89
90
91
92
94
95
97
103
104
105
106
107
110
111
112
114
116
117
119
120
122
123
124
127
129
131
134
135
137
139
140
141
142
143
145
146
147
186
187
188
189
190
191
192
193
194
195
196
197
198
199
200
201
202
203
204
205
206
207
208
209
210
211
212
213
214
215
216
217
219
220
221
222
225
227
231
233
234
235
236
237
239
240
241
243
244
245
249
250
251
253
255
257
259
260
261
263
264
265
266
267
268
269
270
273
275
278
279
281
282
283
284
285
287
288
291
292
293
296
298
302
304
305
