32
33
272
273
480
481
482
483
484
485
486
487
488
489
490
491
492
493
494
495
496
497
498
499
500
501
502
503
504
505
506
507
508
509
510
511
512
513
514
515
516
517
518
519
520
521
522
523
524
525
526
527
528
529
530
531
532
533
534
535
536
537
538
539
540
541
542
543
544
545
546
547
550
555
558
559
569
573
579
580
582
583
584
586
588
592
595
604
608
610
613
616
617
618
619
620
621
622
623
632
633
634
635
636
637
638
639
640
641
642
643
656
657
658
659
660
661
662
663
664
665
666
667
732
733
734
735
736
737
738
739
