64
65
66
67
68
69
70
71
72
73
74
75
204
205
206
207
208
209
210
211
212
213
214
215
216
217
218
219
220
221
222
223
224
225
226
227
228
229
230
231
232
233
236
239
242
243
244
247
248
250
251
252
255
259
260
263
267
268
270
273
274
276
328
329
448
449
450
451
452
453
454
455
456
457
458
459
463
465
632
633
634
635
636
637
638
639
640
641
642
643
672
673
674
675
676
677
678
679
688
689
690
691
692
693
694
695
1320
1321
1322
1323
1324
1325
1326
1327
1328
1329
1330
1331
1332
1333
1334
1335
1336
1337
1338
1339
1340
1341
1342
1343
1344
1345
1346
1347
1348
1349
1350
1351
1352
1353
1354
1355
1356
1357
1360
1361
1365
1366
1369
1370
1372
1373
1387
1389
1392
1616
1617
1792
1793
1794
1812
1813
1814
1815
1816
1817
1818
1819
1820
1821
1822
1823
1824
1825
1826
1827
1828
1829
1830
1831
1832
1834
1835
1837
1838
1839
1840
1842
1843
1844
1845
1846
1848
1849
1850
1851
1852
1853
1854
1856
1857
1858
1859
1860
1861
1862
1863
1864
1865
1867
1868
1869
1871
1872
1873
1874
1875
1876
1877
1878
1881
1882
1883
1884
1885
1887
1888
1889
1891
1892
1893
1894
1895
1897
1898
1899
1900
1901
1902
1903
1905
1906
1907
1908
1911
1912
1913
1914
1915
1916
1917
1919
1920
1921
1922
1923
1924
1927
1929
1936
1937
1938
1939
1940
1941
1943
1944
1945
1946
1948
1949
1953
1954
1957
1959
1961
1963
1968
1971
1972
1975
1977
1980
1982
1983
1986
1987
1988
1989
1990
1994
1995
