1052
1053
1056
1058
1060
1062
1064
1066
1067
1068
1070
1071
1072
1074
1554
1576
1844
1845
1848
1850
1852
1854
1856
1858
1860
1862
1864
1865
1866
1868
1870
1872
1874
1876
1878
1880
1882
1884
1886
1888
1890
1892
1894
1895
1896
1898
2628
2629
2632
2634
2636
2638
2640
2642
2644
2646
2648
2649
2650
2652
2654
2656
2658
2660
2662
2664
2666
2668
2670
2672
2674
2676
2678
2679
2680
2681
2682
2684
2686
2688
2689
2690
2692
2693
2694
2695
2696
2698
2700
2702
2704
2706
2708
2710
2712
2713
2714
2716
2718
2720
2722
2724
2726
2728
2730
2732
2734
2736
2738
2739
2740
2742
2744
2746
2748
2750
2752
2754
2756
2758
2760
2762
2764
2766
2768
2770
2772
2774
2776
2778
2780
2782
2783
2784
2786
2788
2789
2790
2792
2794
2796
2797
2800
2801
2802
2804
2806
2808
2809
2810
2811
2812
2813
2814
2815
2816
2818
2820
2821
2822
2824
2826
2828
2830
2832
2833
2834
2836
2838
2840
2842
2844
2846
2848
2849
2850
2852
2854
2856
2857
2858
2859
2860
2862
2864
2866
2868
2869
2870
2872
2874
2876
2878
2879
2880
2882
2884
2886
2888
2890
2892
2894
2895
2896
2897
2898
2900
2901
2902
2904
2906
2908
2909
2910
2912
2914
2916
2918
2920
2922
2924
2926
2928
2930
2932
2934
2936
2938
2940
2942
2944
2946
2948
2950
2951
2952
2954
2955
2956
2958
2960
2961
2962
2964
2965
2966
2968
2970
2971
2972
2974
2975
2976
2978
3944
3945
3948
3949
3950
3952
3954
3956
3958
3960
3962
3964
3966
3968
3970
3971
3972
3974
3976
3978
3980
3982
3984
3986
3988
3990
3992
3994
3996
3998
4000
4002
4004
4006
4007
4008
4010
4012
4014
4016
4017
4018
4020
4021
4022
4023
4024
4026
4028
4030
4032
4034
4036
4038
4040
4041
4042
4043
4044
4046
4047
4048
4050
4052
4054
4056
4058
4060
4062
4063
4064
4066
4068
4069
4070
4072
4074
4076
4078
4080
4082
4084
4086
4088
4090
4092
4093
4094
4096
4098
4100
4102
4104
4106
4108
4110
4112
4114
4116
4118
4120
4122
4124
4125
4126
4956
4957
4962
5584
5585
5588
5589
5590
5592
5594
5596
5598
5599
5600
5602
5604
5605
5606
5608
5610
5612
5614
5616
5618
5620
5621
5622
5624
5626
5628
5630
5632
5634
5636
5638
6272
6273
6276
6278
6280
6284
6286
6287
6288
6291
6292
6293
6296
6297
6298
6299
6300
6301
6304
6305
6306
6308
6309
6310
6312
6314
6315
6316
6318
6320
6322
6324
6326
6328
6329
6330
6331
6940
6941
6944
6946
6947
6948
6950
6952
6954
6956
6957
6958
6960
6962
6964
6965
6966
6968
6969
6970
6972
6973
6974
6975
6976
6977
6978
6980
6982
6984
6986
6988
6990
6991
6992
6994
6996
6998
7000
7002
7004
7006
7008
7009
7010
7012
7014
7016
7018
7020
7022
7024
7026
7028
7030
7032
7034
7035
7036
7038
7040
7042
7043
7044
7046
7048
7050
7052
7053
7054
7056
7057
7058
7060
7061
7062
7063
7064
7065
7066
7068
7069
7070
7072
7074
7076
7078
7080
7082
7084
7085
7086
7087
7088
7090
7091
7092
7094
7096
7098
7100
7102
7104
7105
7106
