326
328
330
336
354
360
362
364
366
372
386
410
454
504
558
612
666
720
772
824
876
926
976
1026
1076
1124
1172
1218
1264
1308
1352
1394
1436
1476
1516
1554
1592
1628
1664
1700
1736
1772
1808
1846
1882
1920
1956
1992
1994
2030
2066
2068
2104
2140
2142
2176
2178
2214
2216
2250
2252
2290
2326
2364
2400
2438
2474
2512
2548
2586
2622
2660
2696
2732
2734
2768
2770
2808
2844
2882
2914
2916
2918
2950
2986
2990
2992
3022
3058
3094
3098
3130
3132
3166
3202
3206
3238
3242
3246
3274
3282
3286
3290
3314
3316
3320
3324
3326
3346
3348
3354
3362
3384
3459
3539
3541
3573
3593
3599
3611
3645
3649
3706
3707
3745
3759
3773
3777
3785
3797
3895
3897
3905
3907
3941
3975
4003
4010
4135
4139
4140
4145
4161
4174
4211
4218
4424
4426
4712
4738
4744
4752
5022
5024
5032
5040
5294
5296
5304
5306
5312
5436
5438
5444
5446
5448
5450
5452
5454
5514
5516
5518
5520
5524
5526
5528
5530
5532
5534
5536
5576
5578
5580
5582
5584
5590
5592
5594
5596
5598
5600
5602
5604
5622
5624
5626
5628
5630
5632
5634
5640
5642
5644
5646
5650
5652
5654
5668
5670
5672
5674
5676
5678
5680
5682
5686
5688
5690
5692
5694
5696
5698
5700
5720
5722
5724
5726
5728
5730
5732
5734
5736
5740
5742
5744
5746
5750
5752
5774
5776
5778
5780
5782
5784
5786
5790
5792
5794
5796
5798
5800
5802
5830
5832
5834
5836
5838
5840
5842
5844
5846
5848
5850
5854
5856
5882
5884
5886
5888
5890
5892
5894
5896
5898
5900
5902
5904
5906
5908
5932
5934
5936
5938
5940
5942
5944
5946
5948
5950
5952
5954
5956
5978
5980
5982
5984
5986
5988
5990
5992
5994
5996
5998
6020
6022
6024
6026
6028
6032
6034
6056
6058
6060
6062
6064
6086
6088
6090
6431
6521
6565
