116
117
118
119
120
121
122
123
124
125
126
127
216
217
218
219
220
221
222
223
224
225
226
227
228
229
230
231
232
233
234
235
236
237
238
239
240
241
245
250
253
254
256
258
259
261
263
265
267
269
271
273
275
277
279
281
320
321
322
323
324
325
326
327
328
329
330
331
332
333
334
335
540
541
542
580
581
582
583
584
585
586
587
588
589
590
591
604
605
606
664
665
666
667
668
669
670
671
672
673
674
675
676
677
678
679
736
737
738
739
740
741
742
743
744
751
760
761
762
763
764
765
766
767
768
769
770
771
996
997
1112
1113
1114
1115
1116
1117
1118
1119
1120
1127
