28
29
56
57
58
59
60
61
62
63
64
65
66
67
216
217
218
219
220
221
222
223
296
297
298
299
300
301
302
303
312
313
314
315
316
317
318
319
320
321
322
323
324
325
326
327
328
329
330
331
332
333
334
335
336
337
341
346
349
350
352
354
355
357
359
361
363
365
367
369
371
373
374
375
377
382
385
387
393
395
396
416
417
418
419
420
421
422
423
424
425
426
427
428
429
430
431
668
669
670
671
672
673
674
675
676
677
678
679
764
765
766
767
768
769
770
771
772
773
774
775
776
777
778
779
796
797
798
799
800
801
802
803
804
805
806
807
810
816
1012
1013
1028
1029
