48
49
50
51
52
53
54
55
56
57
58
59
60
61
62
63
64
65
66
67
68
69
70
71
72
73
74
75
76
77
78
79
80
81
82
83
84
85
86
87
88
89
90
91
92
93
94
95
96
97
99
102
104
106
111
115
120
122
125
126
129
130
132
136
138
143
146
2372
2373
2374
2375
2376
2377
2378
2379
2380
2381
2382
2383
2384
2385
2386
2387
2388
2389
2390
2391
2392
2393
2394
2395
2396
2397
2398
2399
2400
2401
2402
2403
2404
2405
2406
2407
2408
2409
2410
2411
2412
2413
2414
2415
2416
2417
2418
2419
2420
2421
2422
2423
2424
2425
2426
2427
2428
2429
2430
2431
2432
2433
2434
2435
2436
2437
2438
2439
2440
2441
2442
2443
2444
2445
2446
2447
2448
2449
2450
2451
2452
2453
2454
2455
2456
2457
2458
2459
2460
2461
2462
2463
2464
2465
2466
2467
2468
2469
2470
2471
2472
2473
2474
2475
2476
2477
2478
2479
2480
2481
2482
2483
2484
2485
2486
2487
2488
2489
2490
2491
2492
2493
2494
2495
2496
2497
2498
2499
2500
2501
2508
2517
2523
2530
2531
2546
2550
2555
2558
2559
2560
2563
2564
2567
2568
2569
2576
2578
2581
2593
2600
2602
2604
2606
2607
2609
2612
2615
2868
2869
2870
2871
2872
2873
2874
2875
2876
2877
2878
2879
2880
2881
2882
2883
2884
2885
2886
2887
2888
2889
2890
2891
2892
2893
2894
2895
2896
2897
2898
2899
2900
2901
2902
2903
2904
2905
2906
2907
2908
2909
2910
2911
2912
2913
2914
2915
2916
2917
2918
2919
2920
2921
2922
2923
2924
2925
2926
2927
2928
2929
2930
2931
2932
2933
2934
2935
2936
2937
2938
2939
2940
2941
2942
2943
2944
2945
2946
2947
2948
2949
2950
2951
2952
2953
2954
2955
2956
2957
2958
2959
2960
2961
2962
2963
2964
2965
2966
2967
2968
2969
2970
2971
2972
2973
2974
2975
2976
2977
2978
2979
2980
2981
2982
2983
2984
2985
2986
2987
2988
2989
2990
2991
2992
2993
2994
2995
2996
2997
2998
3002
3004
3012
3020
3026
3028
3029
3030
3038
3039
3041
3042
3043
3047
3048
3052
3058
3063
3067
3081
3094
3108
3119
3122
3228
3229
3516
3517
3518
3519
3520
3521
3522
3523
3524
3525
3526
3527
3530
3536
5004
5005
5006
5007
5008
5009
5010
5011
5012
5013
5014
5015
5016
5017
5018
5019
5020
5021
5022
5023
5024
5025
5026
5027
5028
5029
5030
5031
5032
5033
5034
5035
5036
5037
5038
5039
5040
5041
5042
5043
5044
5045
5046
5047
5048
5049
5050
5051
5052
5053
5056
5057
5076
5077
5081
5094
5097
5098
5102
5364
5365
5366
5367
5368
5369
5370
5371
5372
5373
5374
5375
5378
5383
5384
5385
5396
5397
5398
5399
5400
5401
5402
5403
5408
5409
5412
5413
5414
5415
5416
5417
5418
5419
5424
5425
5428
5429
5430
5431
5432
5433
5434
5435
5436
5437
5438
5439
5440
5441
5442
5443
5444
5445
5446
5447
5448
5449
5450
5451
5452
5453
5454
5455
5456
5457
5458
5459
5460
5461
5462
5463
5464
5465
5466
5467
5468
5469
5470
5471
5472
5473
5474
5475
5476
5477
5479
5497
5500
5503
5512
5516
5604
5605
5606
5607
5608
5609
5610
5611
5612
5613
5614
5615
5616
5617
5618
5619
5620
5621
5622
5623
5624
5625
5626
5627
5628
5629
5630
5631
5632
5633
5634
5635
5636
5637
5638
5639
5640
5641
5642
5643
5644
5645
5646
5647
5648
5649
5650
5651
5652
5653
5655
5659
5660
5664
5667
5668
5674
5675
5676
5678
5680
5682
5686
5690
5693
5694
5696
5698
5702
6140
6141
6142
6143
6144
6145
6146
6147
6148
6149
6150
6151
6152
6153
6154
6155
6156
6157
6158
6159
6160
6161
6162
6163
6164
6165
6166
6167
6168
6169
6170
6171
6172
6173
6174
6175
6176
6177
6178
6179
6180
6181
6182
6183
6184
6185
6186
6187
6188
6189
6190
6191
6192
6193
6194
6195
6196
6197
6198
6199
6200
6201
6202
6203
6204
6205
6206
6207
6208
6209
6210
6211
6212
6213
6214
6215
6216
6217
6218
6219
6220
6221
6222
6223
6224
6225
6226
6227
6228
6229
6230
6231
6232
6233
6234
6235
6236
6237
6238
6239
6240
6241
6242
6243
6244
6245
6246
6247
6248
6249
6250
6251
6252
6253
6254
6255
6256
6257
6258
6259
6260
6261
6262
6263
6264
6265
6266
6267
6272
6274
6275
6278
6286
6293
6298
6303
6305
6306
6308
6309
6317
6318
6323
6326
6328
6329
6330
6332
6333
6340
6341
6346
6347
6358
6364
6374
6389
6394
6684
6685
6686
6687
6688
6689
6690
6691
6692
6693
6694
6695
6696
6697
6698
6699
6700
6701
6702
6703
6704
6705
6706
6707
6708
6709
6710
6711
6712
6713
6714
6715
6716
6717
6718
6719
6720
6721
6722
6723
6724
6725
6726
6727
6728
6729
6730
6731
6732
6733
6734
6735
6736
6737
6738
6739
6740
6741
6742
6743
6744
6745
6746
6747
6748
6749
6750
6751
6752
6753
6754
6755
6756
6757
6758
6759
6760
6761
6762
6763
6764
6765
6766
6767
6768
6769
6770
6771
6772
6773
6774
6775
6776
6777
6778
6779
6780
6781
6782
6783
6784
6785
6786
6787
6788
6789
6790
6791
6792
6793
6794
6795
6796
6797
6798
6799
6800
6801
6802
6803
6804
6805
6806
6807
6808
6809
6810
6811
6812
6813
6815
6816
6817
6818
6819
6820
6821
6822
6823
6824
6826
6827
6828
6829
6830
6831
6832
6833
6834
6835
6836
6837
6838
6839
6840
6841
6842
6843
6844
6845
6846
6847
6848
6849
6850
6851
6852
6853
6854
6855
6856
6857
6858
6860
6861
6862
6863
6864
6865
6866
6867
6868
6869
6870
6871
6872
6873
6874
6875
6876
6877
6878
6879
6880
6881
6883
6884
6885
6886
6887
6888
6889
6890
6891
6892
6893
6894
6895
6896
6897
6898
6899
6900
6901
6902
6903
6904
6905
6906
6907
6909
6910
6911
6912
6913
6914
6915
6916
6917
6918
6919
6920
6921
6922
6923
6924
6925
6926
6927
6928
6929
6930
6931
6932
6933
6934
6935
6936
6937
6938
6939
6941
6942
6943
6945
6947
6948
6949
6950
6951
6952
6953
6954
6955
6956
6957
6958
6959
6960
6961
6962
6963
6964
6965
6966
6967
6968
6969
6970
6971
6972
6973
6974
6975
6976
6977
6978
6979
6980
6981
6982
6983
6984
6985
6986
6987
6988
6989
6990
6991
6992
6993
6994
6995
6996
6997
6998
6999
7000
7001
7002
7003
7004
7005
7008
7009
7010
7011
7012
7014
7017
7018
7020
7022
7023
7024
7025
7026
7027
7028
7029
7030
7031
7032
7033
7034
7035
7036
7037
7038
7039
7040
7041
7042
7043
7044
7045
7046
7048
7049
7050
7051
7052
7056
7057
7058
7062
7064
7065
7066
7067
7068
7069
7070
7071
7072
7073
7074
7075
7076
7077
7079
7080
7081
7082
7083
7084
7085
7086
7087
7091
7092
7094
7096
7099
7100
7101
7102
7103
7104
7105
7106
7107
7108
7109
7110
7111
7119
7122
7123
7124
7125
7126
7127
7129
7130
7131
7132
7133
7134
7135
7136
7141
7142
7143
7144
7145
7146
7148
7149
7150
7151
7152
7153
7154
7155
7156
7157
7158
7159
7160
7161
7162
7163
7164
7165
7166
7167
7168
7169
7170
7171
7172
7173
7174
7175
7176
7177
7178
7179
7180
7181
7182
7183
7184
7185
7186
7187
7188
7189
7190
7191
7192
7193
7194
7195
7196
7197
7198
7199
7200
7201
7202
7203
7204
7205
7206
7207
7208
7209
7210
7211
7212
7213
7214
7215
7216
7217
7218
7219
7220
7221
7222
7223
7224
7225
7226
7227
7228
7229
7230
7231
7232
7233
7234
7235
7236
7237
7238
7239
7240
7241
7242
7243
7244
7245
7246
7247
7248
7249
7250
7251
7252
7253
7254
7255
7256
7257
7258
7259
7260
7261
7262
7263
7264
7265
7266
7267
7268
7269
7271
7272
7273
7274
7275
7276
7277
7278
7279
7282
7283
7284
7285
7286
7287
7288
7289
7291
7292
7294
7295
7296
7297
7298
7299
7300
7301
7305
7306
7307
7308
7309
7310
7311
7312
7313
7314
7315
7316
7319
7320
7321
7322
7323
7324
7325
7326
7327
7328
7329
7330
7334
7336
7337
7338
7339
7340
7341
7342
7343
7344
7345
7346
7347
7348
7349
7350
7351
7352
7353
7354
7355
7356
7361
7363
7364
7365
7366
7367
7368
7369
7371
7372
7373
7375
7377
7379
7381
7388
7396
7401
7403
7404
7405
7407
7408
7409
7410
7412
7413
7414
7417
7421
7422
7423
7424
7427
7429
7441
7444
7447
7448
7450
7451
7456
7457
7458
7462
7464
7465
7467
7469
7471
7472
7474
7478
7484
7485
7486
7489
7495
7497
7499
7503
7504
7506
7508
7512
7514
7516
7518
7525
7526
7529
7530
7533
7534
7535
7536
7538
7539
7541
7542
7545
7548
7549
7551
7552
7553
7557
7566
7567
7569
7571
7572
7573
7574
7575
7576
7578
7581
7582
7583
7584
7589
7590
7599
7600
7601
7607
7609
7610
7611
7616
7619
7627
7629
7631
7632
7633
7637
7639
7642
7643
7645
7646
7653
7655
7657
7659
7662
7663
7664
7669
7670
7671
7674
7675
7678
7679
7683
7686
7688
7690
7692
7703
7709
7713
7715
7721
7724
7725
7727
7728
7729
7735
7736
7738
7739
7740
7743
7744
7745
7747
7751
7752
7753
7754
7755
7756
7757
7759
7760
7768
7771
7772
7774
7776
7777
7779
7781
7782
7787
7788
7790
7793
7794
7795
7796
7802
7805
7808
7809
7811
7815
7817
7818
7819
7821
7822
7823
7826
7828
7829
7832
7834
7836
7837
7838
7839
7841
7842
7844
7848
7878
7880
7881
7883
7884
7885
9468
9469
9488
9489
9490
9491
9492
9493
9494
9495
9496
9497
9498
9499
9500
9501
9502
9503
9504
9505
9506
9507
9508
9509
9510
9511
9512
9513
9514
9515
9516
9517
9518
9519
9520
9521
9522
9523
9524
9525
9526
9527
9528
9529
9530
9531
9532
9533
9534
9535
9536
9537
9538
9539
9540
9541
9542
9543
9544
9545
9546
9547
9548
9549
9550
9551
9552
9553
9554
9555
9556
9557
9558
9559
9560
9561
9562
9563
9564
9565
9566
9567
9568
9569
9570
9571
9572
9573
9574
9575
9576
9577
9578
9579
9580
9581
9582
9583
9584
9585
9586
9587
9588
9589
9590
9591
9592
9593
9594
9595
9596
9597
9598
9599
9600
9601
9602
9603
9604
9605
9606
9607
9608
9609
9610
9611
9612
9613
9614
9615
9620
9623
9624
9628
9630
9632
9633
9638
9643
9652
9653
9654
9655
9658
9664
9667
9668
9671
9672
9674
9679
9680
9681
9683
9684
9685
9689
9690
9694
9707
9708
9718
9720
9721
9725
9729
9730
9735
9742
10520
10521
10523
