64
65
66
67
68
69
70
71
72
73
80
81
82
83
2372
2373
2379
2381
2386
2387
2388
2390
2393
2397
2405
2428
2431
2437
2868
2869
2870
2872
2873
2876
2877
2882
2883
2890
2891
2892
2897
2899
2907
2938
2943
2944
2950
2957
2958
2963
2964
2969
2976
2980
2986
5006
5007
5009
5011
5013
5015
5017
5450
5451
5452
5453
5459
5460
5461
5462
5463
5464
5465
5466
5467
5468
5469
5470
5471
5472
5473
5474
5475
5476
5477
5604
5605
5610
5611
5612
5613
5619
5621
6239
6240
6241
6247
6684
6687
6688
6690
6692
6696
6697
6698
6703
6705
6706
6707
6713
6715
6719
6721
6722
6729
6730
6731
6732
6734
6737
6738
6740
6748
6752
6760
6769
6773
6784
6785
6787
6796
6798
6799
6802
6804
6817
6819
6820
6832
6838
6840
6842
6850
6851
6852
6853
6854
6865
6882
6883
6884
6885
6886
6897
6916
6917
6936
6938
6939
6940
6942
6950
6951
6963
6965
6967
6976
6978
6980
7001
7040
7052
7059
7060
7072
7082
7099
7105
7114
7116
7761
7764
7767
7769
7771
7783
7784
7791
7823
7826
7832
7834
7836
7837
7839
7840
7841
7842
7848
7851
7855
7868
7878
9490
9493
9495
9499
9500
9508
9540
9548
9560
10520
10521
