0
1
2
3
4
5
6
7
8
9
10
11
12
13
14
15
16
17
18
19
20
21
22
23
24
25
26
27
28
29
30
31
32
33
34
35
36
37
38
39
40
41
42
43
44
45
46
47
48
49
50
51
52
53
54
55
56
57
58
59
60
61
62
67
73
79
83
87
95
103
105
107
109
110
113
117
119
120
121
122
124
125
126
127
128
129
130
131
886
887
888
889
890
891
892
893
894
895
896
897
898
899
900
901
902
903
904
905
906
907
908
909
910
911
912
913
914
915
916
917
918
919
920
921
922
923
924
925
926
927
928
929
930
931
933
935
937
939
941
943
945
947
949
951
953
955
957
958
960
963
965
967
969
970
971
973
975
977
978
979
981
982
983
985
987
989
991
993
995
997
999
1001
1003
1004
1005
1007
1009
1010
1013
1014
1015
1017
1018
1019
1021
1023
1025
1026
1027
1030
1031
1033
1034
1035
1036
1038
1039
1040
1043
1044
1045
1047
1049
1051
1053
1057
1058
1059
1063
1064
1067
1069
1071
1073
1076
1080
1084
1088
1089
1090
1091
1092
1095
1097
1102
1104
1105
1106
1107
1111
1114
1115
1118
1119
