387
389
391
401
403
413
415
421
423
425
427
2316
2317
2319
2320
2323
2325
2328
2332
2336
2340
2346
2348
2356
2360
2368
2375
2378
2380
2382
2384
2385
2387
2388
2389
2391
2415
2416
2418
2419
2423
2426
2427
2428
2429
2430
2431
2439
2440
2442
2443
2445
2446
2448
2449
3282
3285
3286
3288
3289
3290
3291
3293
3295
3296
3298
3299
3305
3307
3308
3311
3313
3315
3317
3320
3322
3324
3325
3327
3329
3361
3367
3373
3763
3766
3767
3770
3771
3776
3777
3778
3789
3795
3796
3803
3815
3816
3823
3824
3853
3854
3856
3857
3859
3860
3864
3866
3868
3872
3874
3878
3882
3884
3886
3888
3890
3892
3893
3894
3895
3897
3899
3913
4309
4891
4902
4930
4939
4958
5007
5008
5040
5065
5094
5098
5125
5141
5143
5213
5219
5230
5251
5277
5278
5286
5291
5292
5293
5294
5295
5301
5304
5309
5312
5320
5321
5342
5350
5372
5378
5380
5390
5398
5412
5414
5429
5449
5450
5533
5539
6262
6263
6264
6265
6267
6268
6269
6270
6271
6273
6275
6279
6280
6282
6283
6285
6287
6289
6291
6292
6293
6294
6295
6297
6299
6315
6323
6325
6327
6868
6869
6881
6904
6910
6914
7414
7416
7418
7420
7422
7424
7426
7428
7430
7431
7432
7433
7434
7435
7436
7437
7438
7439
7440
7441
7442
7443
7444
7446
7452
7457
7458
7459
8228
8234
8235
8239
8241
8246
8253
8258
8263
8272
8273
8278
8288
8297
8298
8302
8308
8313
8317
8318
8322
8323
8327
8328
8332
8333
8561
8565
8571
8590
8607
8676
9080
9350
9351
9392
9394
9399
9406
9409
9419
9420
9421
9427
9431
9432
9441
9443
9448
9449
9456
9457
9461
9462
9463
9464
9465
9466
9468
9469
9472
9473
9474
9475
9476
9477
9478
9480
9481
9484
9485
9486
9487
9488
9489
9490
9491
9492
9493
9494
9495
9637
9645
9996
9999
10002
10005
10026
10029
10040
10043
10058
10059
10062
10063
10066
10067
10068
10069
10808
10817
10856
10892
10950
10960
10969
10983
10995
11096
11098
11099
11110
11182
11186
11190
11191
11194
11199
11200
11204
11209
11210
11214
11215
11217
11222
11223
11244
11260
11262
11289
11297
11319
11323
11341
11344
11385
13351
13371
13389
13522
13525
13527
