0
1
2
3
4
5
6
7
8
9
10
11
12
13
14
15
16
17
18
19
20
21
22
23
24
25
27
32
55
56
57
58
59
60
61
62
63
64
65
66
67
68
69
70
71
72
73
74
75
76
77
78
79
80
81
82
83
84
85
86
87
88
89
90
91
92
93
94
95
96
97
98
99
100
101
102
103
104
105
106
107
108
109
110
111
112
113
115
122
124
127
130
134
135
137
140
147
150
152
159
160
162
163
164
165
168
170
174
176
179
182
186
187
188
192
194
195
196
200
204
208
209
362
363
364
365
366
367
368
369
370
371
372
373
374
375
376
377
378
379
380
381
382
383
384
385
386
387
388
389
390
391
392
393
394
395
396
397
398
399
400
401
402
403
404
405
406
407
408
409
410
411
412
413
414
415
416
417
418
419
420
421
422
423
424
425
426
427
428
429
430
431
432
433
434
435
436
437
438
439
440
441
442
443
444
445
446
447
448
449
450
451
452
453
454
455
456
457
458
459
460
461
462
463
464
465
466
467
468
469
470
471
472
473
474
475
476
477
478
479
480
481
482
483
484
485
486
487
488
489
490
491
492
493
494
495
496
497
498
499
500
501
502
503
504
505
506
507
508
509
510
511
512
513
514
515
516
517
518
519
520
521
522
523
524
525
526
527
528
529
530
531
532
533
534
535
536
537
538
539
540
541
542
543
544
545
546
547
548
549
550
551
552
553
554
555
556
557
558
559
560
561
562
563
564
565
566
567
568
569
570
571
572
573
574
575
576
577
578
579
580
581
582
583
584
585
586
587
588
589
590
591
592
593
594
595
596
597
598
599
600
601
602
603
604
605
606
607
608
609
610
611
612
613
614
615
616
617
618
619
620
621
622
623
624
625
626
627
628
629
630
631
632
633
634
635
636
637
638
639
640
641
642
643
644
645
646
647
648
649
650
651
652
653
654
655
656
657
658
659
660
661
662
663
664
665
666
667
668
669
670
671
672
673
674
675
676
677
678
679
680
681
682
683
684
685
686
687
688
689
690
691
692
693
694
695
696
697
698
699
700
701
702
703
704
705
706
707
708
709
710
711
712
713
714
715
716
717
718
719
720
721
722
723
724
725
726
727
728
729
730
731
732
733
734
735
736
737
738
739
740
741
742
743
744
745
746
747
748
749
750
751
752
753
754
755
756
757
758
759
760
761
762
763
764
765
766
767
768
769
770
771
772
773
774
775
776
777
778
779
780
781
782
783
784
785
786
787
788
789
790
791
792
793
794
795
796
797
798
799
800
801
802
803
804
805
806
807
808
809
810
811
812
813
814
815
816
817
818
819
820
821
822
823
824
825
826
827
828
829
830
831
832
833
834
835
836
837
838
839
840
841
842
843
844
845
846
847
848
849
850
851
852
853
854
855
856
857
858
859
860
861
862
863
864
865
866
867
868
869
870
871
872
873
874
875
876
877
878
879
880
881
882
883
884
885
886
887
888
889
890
891
892
893
894
895
896
897
898
899
900
901
902
903
904
905
906
907
908
909
910
911
912
913
914
915
916
917
918
919
920
921
922
923
924
925
926
927
928
929
930
931
932
933
934
935
936
937
938
939
940
941
942
943
944
945
946
947
948
949
950
951
952
953
954
955
956
957
958
959
960
961
962
963
964
965
966
967
968
969
970
971
972
973
974
975
976
977
978
979
980
981
982
983
984
985
986
987
988
989
990
991
992
993
994
995
996
997
998
999
1000
1001
1002
1003
1004
1005
1006
1007
1008
1009
1010
1011
1012
1013
1014
1015
1016
1017
1018
1019
1020
1021
1022
1023
1024
1025
1026
1027
1028
1029
1030
1031
1032
1033
1034
1035
1036
1037
1038
1039
1040
1041
1042
1043
1044
1045
1046
1047
1048
1049
1050
1051
1052
1053
1054
1055
1056
1057
1058
1063
1065
1071
1073
1075
1076
1082
1086
1088
1090
1091
1092
1094
1096
1102
1104
1106
1109
1110
1112
1114
1116
1118
1120
1122
1124
1126
1128
1129
1130
1131
1132
1138
1141
1142
1144
1148
1151
1153
1155
1157
1159
1160
1161
1163
1165
1167
1169
1171
1173
1175
1177
1181
1182
1185
1190
1191
1193
1201
1203
1205
1207
1209
1211
1213
1215
1217
1219
1220
1221
1223
1225
1226
1227
1230
1231
1233
1235
1236
1240
1245
1246
1249
1250
1256
1258
1260
1262
1264
1267
1268
1269
1271
1273
1275
1277
1278
1279
1281
1282
1283
1284
1285
1287
1290
1292
1294
1299
1304
1307
1309
1310
1311
1314
1315
1317
1319
1320
1322
1324
1326
1327
1329
1331
1333
1334
1335
1337
1339
1341
1343
1344
1345
1347
1348
1349
1351
1352
1353
1354
1355
1357
1359
1364
1365
1369
1378
1379
1381
1385
1386
1388
1390
1393
1394
1396
1397
1399
1400
1401
1403
1405
1407
1409
1411
1412
1413
1415
1417
1419
1420
1421
1423
1424
1425
1426
1427
1429
1431
1433
1434
1436
1437
1438
1440
1447
1448
1449
1451
1454
1455
1457
1458
1459
1461
1463
1465
1468
1470
1472
1474
1476
1478
1480
1482
1484
1486
1488
1490
1491
1492
1494
1496
1497
1498
1500
1501
1502
1506
1507
1508
1510
1513
1514
1527
1530
1531
1533
1535
1537
1538
1539
1540
1542
1544
1546
1548
1550
1552
1554
1556
1557
1558
1560
1561
1562
1566
1567
1568
1570
1572
1575
1584
1587
1589
1592
1596
1600
1601
1602
1604
1606
1608
1610
1611
1612
1613
1614
1615
1616
1618
1621
1623
1625
1631
1632
1636
1640
1642
1644
1646
1647
1649
1650
1653
1655
1656
1658
1659
1660
1662
1664
1667
1669
1674
1675
1677
1678
1679
1680
1684
1687
1690
1699
1700
1702
1703
1706
1710
1712
1717
1718
1725
1726
1728
1729
1732
1733
1736
1743
1744
1746
1753
1754
1756
1759
1760
1770
1772
1776
1778
1782
1785
1786
1793
1794
1798
1801
1803
1813
1814
1818
1825
1830
1834
1835
1845
1851
1852
1853
1860
1861
1863
1864
1868
1869
1873
1878
1881
1885
1895
1896
1906
1911
1913
1914
1915
1916
1931
1933
1934
1940
1949
1954
1957
1958
1964
1973
1982
1983
1985
1986
1988
1995
1996
2000
2008
2009
2010
2012
2014
2017
2018
2019
2021
2026
2027
2028
2030
2033
2034
2038
2041
2043
2049
2050
2051
2053
2054
2055
2056
2059
2062
2065
2081
2084
2097
2105
