30
31
32
34
35
36
39
40
42
43
46
47
49
53
54
79
110
121
128
152
153
154
155
157
158
163
165
166
168
170
171
172
173
174
175
176
178
179
180
181
182
184
185
186
187
188
189
190
196
197
199
200
201
203
204
206
207
208
235
322
328
334
337
340
342
349
353
357
1410
1412
1414
1415
1417
1423
1430
1431
1434
1437
1443
1449
1450
1460
1478
1482
1486
1488
1489
1495
1506
1517
1518
1538
1544
1546
1557
1567
1598
1620
1623
1630
1658
1678
1688
1705
1723
1727
1758
1769
1778
1788
1789
1790
1793
1795
1796
1797
1799
1801
1810
1812
1820
1822
1826
1827
1829
1830
1840
1843
1845
1858
1863
1867
1868
1872
1875
1885
1891
1900
1903
1911
1928
1934
1936
1938
1942
1963
1967
1984
1993
2004
2024
2040
