436
437
442
443
446
447
451
2598
2604
2613
4198
4199
4200
4201
4203
4209
4213
4217
4224
4228
4229
4232
4233
4236
4252
4253
4257
4258
4276
4281
4311
4314
4320
5071
5085
5087
5158
5165
5167
5168
5169
5170
5171
5180
5182
5183
5185
5187
5188
5190
5191
5197
5198
5199
5203
5205
9374
9378
9382
9404
9405
9408
9409
9411
9412
9414
9415
9416
9418
9419
9420
9421
9422
9423
9425
9437
9438
9439
10047
10119
10144
10384
10388
10390
10392
10406
10407
10410
10412
10413
10414
10416
10417
10419
10420
10421
10422
10423
10424
10425
10426
10428
10439
10440
10441
10603
10659
10696
10720
10737
10748
10771
10772
10776
10779
10785
10786
10789
10794
10796
10798
10806
10855
10859
10874
10984
10985
10991
11126
11128
11140
11244
11253
11254
11259
11267
11268
11273
11276
11286
11288
11297
11305
11308
11332
11335
11368
11406
11462
11493
13056
13057
15700
15705
15709
15713
16176
16177
16902
16906
16907
16908
16909
16918
16920
