28
29
30
31
32
33
34
35
36
37
38
39
40
41
42
43
44
45
46
47
48
49
50
51
52
53
57
62
64
65
66
67
68
69
70
71
73
75
76
77
78
79
81
83
84
85
87
89
91
93
212
213
400
401
402
403
404
405
406
407
408
415
536
537
538
544
545
546
548
549
550
551
552
553
554
555
556
557
558
559
560
561
562
563
608
609
610
611
612
613
614
615
616
617
618
619
620
621
622
623
696
697
698
699
700
701
702
703
704
705
706
707
708
718
784
785
786
787
788
789
790
791
792
799
904
905
906
907
908
909
910
911
912
913
914
915
944
945
946
947
948
949
950
951
952
953
954
955
